1: ( 56 42 80 ) 81 34 55 ( 13 4 19 86 ) 68 ( 78 5 ) 76 36 ( 74 44 97 82 ) 48 94 
2: ( 98 80 ) ( 41 21 ) ( 64 49 13 ) ( 95 81 54 ) ( 76 82 ) 
3: 21 ( 77 56 ) ( 36 3 48 ) 74 41 ( 61 44 ) 35 82 ( 30 79 ) ( 49 15 78 ) 58 ( 54 29 ) 1 ( 12 83 ) 98 ( 76 37 13 43 91 20 ) 67 ( 59 71 90 ) ( 40 86 ) 65 ( 53 5 ) 42 94 ( 81 68 ) 72 ( 64 28 24 95 57 70 ) 
4: ( 80 79 ) ( 13 26 ) ( 98 11 ) ( 84 17 46 ) ( 58 66 ) ( 89 100 94 ) 74 48 14 ( 83 65 63 ) ( 43 22 ) 12 35 ( 24 6 56 95 20 15 ) 62 59 42 ( 99 90 37 93 61 ) 81 ( 68 28 ) ( 31 54 73 ) ( 41 25 ) 49 
5: 12 ( 42 81 61 60 63 23 13 17 71 68 97 ) ( 30 49 14 85 ) ( 70 25 ) ( 8 83 69 86 ) 
6: ( 65 95 94 28 14 ) 85 13 ( 30 100 21 ) 23 68 64 71 
7: 10 ( 75 68 ) 78 71 53 41 54 ( 64 95 21 40 ) ( 36 69 ) 94 ( 66 45 ) 67 34 
8: 91 48 ( 64 29 38 80 86 24 23 55 84 43 57 70 75 ) 44 97 11 ( 21 28 ) ( 74 12 37 25 67 ) ( 98 58 19 ) 7 59 15 ( 54 81 ) ( 95 13 26 68 22 10 ) 66 41 ( 30 6 61 34 2 78 ) ( 36 83 ) 65 94 
9: ( 25 26 ) 10 98 93 ( 24 81 63 39 ) 94 95 ( 41 40 ) 
10: 20 5 ( 25 86 ) ( 24 59 93 68 97 15 ) 10 80 
11: ( 24 67 ) 36 35 ( 25 68 ) 59 41 10 ( 96 28 62 ) 86 ( 98 19 ) 17 65 95 81 6 ( 21 37 ) ( 29 20 26 66 ) ( 54 53 85 15 ) 43 80 ( 78 40 74 12 44 ) ( 49 79 3 70 34 ) 61 
12: 42 ( 97 37 26 ) 81 ( 54 78 ) ( 98 96 ) 22 41 36 ( 59 47 25 48 ) ( 99 13 56 61 ) ( 74 77 95 ) 66 28 57 ( 24 15 ) 86 ( 21 19 63 ) 43 29 14 23 ( 68 32 ) 55 ( 49 35 ) 94 11 7 64 
13: ( 2 15 ) 68 5 50 10 54 ( 41 65 94 ) 43 ( 71 49 ) ( 76 24 100 23 47 96 ) ( 64 73 ) ( 6 29 78 85 ) 28 ( 82 86 ) 44 ( 36 74 12 37 19 ) 40 80 
14: 94 56 ( 30 19 ) ( 77 90 57 ) 37 13 89 63 59 
15: ( 56 68 85 94 ) 12 70 15 ( 74 48 ) 78 36 81 ( 98 62 11 ) ( 77 65 61 34 40 63 25 83 93 53 43 67 69 19 ) 6 96 
16: 99 ( 69 35 11 ) 20 25 96 47 46 90 98 48 ( 89 9 41 85 81 60 86 59 1 23 13 56 67 22 ) ( 76 24 95 37 ) ( 92 79 28 ) ( 3 44 55 94 ) 
17: 21 ( 98 49 34 ) ( 64 66 ) ( 71 96 ) ( 36 54 59 37 5 ) 74 68 ( 35 87 ) 97 10 ( 69 75 86 ) 80 
18: 76 64 95 ( 11 44 97 ) 84 ( 31 8 61 ) 56 37 ( 59 80 86 ) ( 24 26 15 ) ( 78 42 ) ( 69 83 20 ) ( 68 48 ) ( 99 30 49 71 46 ) 73 81 ( 3 2 ) ( 35 94 38 17 51 ) 74 41 ( 54 62 28 ) 36 60 
19: ( 6 98 68 69 ) ( 65 48 40 19 ) 
20: 69 79 34 ( 65 37 28 ) 47 45 99 75 ( 86 82 ) ( 54 35 13 ) 63 ( 55 46 ) 59 ( 74 67 11 57 48 ) ( 17 30 70 ) 44 56 
21: ( 98 68 13 96 ) ( 64 65 9 11 79 81 ) 30 ( 54 94 48 ) ( 90 10 ) 83 ( 70 40 28 ) 24 62 25 12 ( 36 23 78 ) 99 76 56 ( 37 19 ) ( 74 6 22 34 ) ( 17 80 ) ( 59 8 31 44 ) ( 41 15 51 ) 
22: 64 11 40 92 57 72 ( 30 61 25 ) 56 ( 71 73 ) ( 36 82 69 93 ) ( 16 68 ) ( 41 15 ) 
23: 43 ( 23 94 66 ) ( 89 55 63 96 ) 30 28 81 ( 36 65 49 2 85 80 39 ) ( 6 29 ) ( 11 95 37 ) 
24: ( 30 22 86 ) ( 71 67 14 34 ) ( 74 94 93 72 41 58 ) 90 ( 18 99 59 55 38 56 61 80 ) 21 ( 91 81 52 ) 95 25 ( 29 23 12 44 42 75 ) ( 54 78 28 68 57 ) 6 ( 49 48 ) ( 66 82 20 63 ) 13 15 35 76 ( 43 60 96 ) 5 
25: 25 ( 89 79 13 70 80 20 ) ( 47 56 22 61 ) ( 28 3 68 ) ( 99 83 40 15 ) ( 98 49 97 ) 11 60 ( 24 76 90 69 81 86 ) 36 82 ( 54 29 35 ) 
26: 57 47 ( 35 28 17 75 19 4 ) 54 ( 93 97 ) 72 81 ( 49 86 ) 44 
27: ( 44 11 10 66 ) ( 95 94 25 84 78 48 68 ) 
28: 83 97 ( 74 29 ) ( 79 63 96 21 44 14 75 ) 10 ( 54 1 11 46 ) 48 ( 30 78 ) 37 ( 17 40 19 ) 55 ( 98 65 35 13 ) 
29: 21 ( 64 37 5 ) 57 40 ( 65 15 19 ) ( 95 4 ) 14 67 50 54 ( 85 97 ) ( 55 96 ) 71 24 ( 74 79 66 41 61 ) 32 43 69 ( 49 28 ) 44 76 
30: 16 65 76 ( 6 97 100 ) ( 26 96 ) ( 50 25 15 ) 64 70 ( 67 69 95 ) ( 12 83 28 44 68 14 80 ) 55 66 ( 36 79 78 ) ( 40 86 ) ( 29 37 41 81 24 54 49 48 71 46 20 ) 45 ( 23 13 91 61 10 ) 
31: 98 29 87 ( 36 12 80 ) 
32: ( 52 86 ) 59 ( 36 79 98 97 ) 37 82 ( 41 54 ) ( 68 28 ) ( 35 7 ) 56 ( 61 63 90 ) ( 66 51 74 95 94 93 84 17 ) 85 
33: 23 90 30 ( 99 98 48 ) ( 11 25 93 22 34 80 ) 15 36 81 68 ( 64 94 63 ) 24 54 
34: ( 12 13 ) ( 24 61 34 83 15 ) ( 65 37 1 ) ( 6 49 25 ) ( 35 95 ) 100 ( 44 68 86 ) ( 54 41 3 56 58 46 81 40 ) ( 69 26 ) 30 8 28 ( 11 21 71 67 70 ) 
35: 44 23 ( 35 7 55 ) ( 89 22 ) ( 34 2 ) ( 99 30 78 41 42 49 95 83 84 ) 12 ( 13 51 28 ) 74 25 48 ( 71 37 ) 53 ( 54 57 62 ) 29 
36: ( 41 82 42 ) ( 29 35 12 94 80 20 ) 14 43 ( 85 54 69 ) 45 
37: ( 67 83 28 ) 
38: ( 56 37 53 48 ) 19 ( 65 35 ) ( 17 70 ) 74 29 44 ( 50 58 25 ) ( 26 85 10 ) 93 64 57 63 66 ( 1 40 28 ) ( 24 59 100 78 43 81 ) 98 ( 21 71 49 ) 
39: ( 59 30 ) ( 21 24 77 53 ) 88 ( 69 2 15 ) 43 26 29 42 ( 73 86 ) 55 ( 37 80 ) ( 41 71 68 94 ) 
40: 40 ( 90 41 42 23 25 94 84 72 97 ) ( 81 44 ) ( 95 63 86 ) 98 64 ( 49 66 96 ) ( 8 80 4 5 54 11 13 68 69 19 ) 55 ( 24 37 48 3 ) 29 59 35 ( 74 12 ) ( 61 28 ) ( 17 62 ) 50 
41: 54 ( 2 52 ) 94 11 67 49 ( 97 37 88 ) 
42: ( 49 56 ) 29 17 ( 64 22 12 20 ) 
43: 67 ( 98 20 93 96 ) 80 ( 59 6 97 ) ( 18 65 66 73 69 86 ) ( 52 42 61 10 19 ) 83 ( 55 39 ) 95 81 ( 24 91 ) ( 29 5 ) 37 44 68 41 36 
44: ( 54 8 ) 29 ( 35 48 56 20 4 ) 22 40 73 1 ( 23 26 ) 10 65 11 58 61 43 86 69 ( 99 49 ) 15 ( 36 92 16 ) 85 57 ( 59 71 62 ) 98 ( 97 37 66 ) 12 19 21 ( 74 84 ) 
45: ( 30 48 ) 
46: 74 ( 83 29 ) ( 90 86 ) 81 ( 40 37 78 ) 6 ( 63 96 ) ( 49 11 ) ( 99 55 22 85 15 ) 76 ( 24 25 98 41 3 14 60 ) ( 43 91 ) 69 10 ( 57 35 12 ) ( 65 8 61 80 59 16 38 95 13 52 17 44 19 ) ( 36 46 26 ) ( 70 66 48 ) 
47: ( 99 66 ) 60 ( 2 45 ) 
48: ( 79 83 ) ( 81 20 ) ( 41 99 24 ) 6 37 ( 59 65 90 66 70 51 ) ( 30 95 38 52 68 44 22 ) 62 43 48 36 ( 53 21 98 56 69 ) ( 11 23 93 ) 58 10 14 ( 29 61 5 ) ( 12 19 8 ) 15 
49: 68 ( 25 97 69 85 81 15 ) ( 95 87 ) 62 64 29 30 ( 43 83 ) ( 13 37 ) 63 ( 24 65 6 26 4 19 ) 79 ( 74 35 11 ) 80 ( 18 71 49 5 ) 23 86 
50: 65 93 10 95 ( 76 54 58 48 ) 85 ( 7 15 ) ( 55 61 ) 35 ( 6 11 97 25 28 ) 16 63 
51: 90 24 19 70 28 41 ( 35 53 86 ) 30 ( 23 5 ) ( 99 37 97 10 ) ( 29 12 13 73 48 44 ) 56 43 ( 6 2 83 21 3 81 80 40 15 ) ( 59 54 ) 76 34 61 ( 85 49 ) 
52: 20 
53: 15 64 30 ( 62 42 81 ) 84 67 53 ( 36 6 89 82 61 26 48 ) 24 59 73 54 ( 18 70 96 86 ) 13 ( 49 37 52 91 ) 83 ( 29 11 35 28 ) 71 
54: 26 47 30 11 36 ( 93 66 98 81 86 ) ( 59 57 78 ) 34 70 ( 95 88 15 96 ) ( 76 61 39 54 2 13 43 44 68 ) 
55: ( 61 57 ) ( 46 39 ) 12 ( 47 28 ) 15 ( 89 22 96 ) ( 68 11 ) ( 24 98 30 14 34 ) ( 71 78 5 ) 99 58 43 83 25 ( 36 76 37 19 ) ( 64 69 97 70 40 86 ) ( 29 38 41 3 80 74 59 49 84 ) 93 44 94 6 
56: 96 ( 64 74 57 34 63 ) 80 81 ( 30 26 ) ( 44 86 ) 37 
57: 37 ( 53 26 ) 49 80 ( 74 3 ) 94 ( 36 59 11 61 ) ( 100 95 ) ( 40 56 ) ( 54 23 19 ) 21 ( 4 42 ) 
58: ( 11 58 25 38 ) ( 17 83 ) 90 44 ( 64 32 91 34 80 51 23 21 20 ) 49 ( 99 74 31 97 ) ( 68 13 ) ( 30 54 67 ) 2 26 ( 6 22 ) ( 55 28 98 10 ) ( 36 24 81 ) 59 ( 77 15 78 ) ( 29 93 41 69 ) 
59: ( 84 44 85 61 ) 98 53 74 54 65 ( 12 92 68 4 ) ( 66 15 5 ) ( 64 23 87 ) ( 18 71 90 10 ) ( 59 28 ) ( 55 69 ) ( 30 29 22 57 81 60 ) 56 13 ( 38 41 ) 
60: 28 ( 50 74 49 20 ) ( 98 35 ) 58 ( 23 83 71 61 34 ) ( 59 30 29 ) 44 19 ( 90 1 84 ) ( 6 13 25 48 69 70 ) 24 ( 18 60 ) 68 ( 95 15 73 ) ( 76 94 56 97 51 ) 96 ( 41 43 91 ) 86 
61: 67 ( 65 56 ) ( 64 59 37 48 85 19 ) ( 29 11 53 ) ( 10 72 96 ) 60 ( 74 90 94 66 14 ) ( 35 12 ) ( 89 41 62 ) 25 86 34 13 ( 43 15 ) 36 21 ( 49 73 68 61 ) 95 81 80 3 98 24 30 ( 44 97 83 ) 
62: ( 85 25 ) ( 36 50 89 95 ) ( 12 26 ) ( 1 13 96 71 4 ) 5 ( 94 66 43 16 14 ) ( 93 67 ) ( 76 74 83 ) ( 86 52 ) ( 59 30 84 28 44 58 ) ( 24 54 2 37 41 69 81 20 19 ) ( 65 61 15 ) 
63: ( 64 43 80 19 ) 6 ( 24 29 81 5 ) ( 79 83 15 ) 2 ( 36 25 28 71 34 ) 58 59 ( 74 30 68 35 ) 41 47 98 11 ( 12 13 ) ( 21 60 ) 44 ( 48 52 ) ( 49 23 37 56 ) ( 90 95 10 93 86 ) 77 
64: ( 6 95 48 10 ) ( 99 25 57 58 ) ( 49 71 69 97 34 ) ( 21 23 81 ) ( 67 78 ) 45 54 18 ( 85 13 ) ( 36 74 ) 79 11 ( 98 91 ) ( 37 38 53 96 ) 
65: 61 65 30 ( 26 19 86 ) ( 7 13 37 ) 35 59 ( 34 5 54 25 98 21 43 14 20 ) ( 12 72 68 80 ) ( 69 48 ) 71 ( 76 70 ) ( 93 53 ) 88 3 74 79 ( 36 41 28 ) ( 24 95 81 ) 90 ( 49 15 ) ( 64 44 ) 40 
66: ( 43 60 10 ) 11 ( 47 15 ) 35 ( 100 72 ) ( 56 68 ) 28 49 58 14 41 69 36 65 
67: ( 81 43 ) 78 37 69 67 ( 2 50 ) ( 49 68 ) 96 ( 59 28 ) ( 23 66 98 ) 70 ( 95 55 44 91 40 ) 48 ( 41 13 ) ( 36 65 74 73 84 60 15 19 ) 83 87 ( 35 10 ) 1 ( 52 11 ) 6 
68: ( 60 20 ) 58 78 61 ( 3 15 ) ( 89 66 ) ( 65 48 57 97 19 ) 
69: ( 70 71 97 ) 6 ( 59 78 98 22 ) ( 17 41 ) 95 44 35 ( 13 84 ) 49 28 ( 24 55 93 53 16 56 81 80 86 ) 25 94 29 90 69 79 
70: 6 100 65 ( 24 17 95 28 ) 76 99 71 ( 13 82 ) ( 69 94 78 ) 96 97 81 60 ( 22 37 10 ) 74 49 4 84 ( 48 43 63 ) ( 11 53 38 21 67 20 ) 36 5 ( 29 34 2 ) 68 30 ( 26 52 46 75 86 ) 41 23 ( 98 72 ) 40 
71: ( 95 60 ) ( 13 72 ) 5 ( 24 59 74 25 48 67 46 ) ( 43 6 ) ( 83 45 ) ( 65 81 ) 68 ( 41 62 ) 69 ( 30 78 23 ) ( 80 87 ) ( 94 3 ) ( 64 79 66 91 12 84 21 70 58 15 ) ( 38 10 ) 86 28 98 82 26 ( 85 34 ) 16 77 36 37 14 8 ( 54 49 20 ) 
72: ( 6 44 79 ) ( 38 23 ) ( 84 10 ) 69 34 95 ( 94 80 ) 19 ( 65 68 12 86 96 ) ( 41 29 66 28 ) ( 42 7 ) 47 
73: ( 83 92 68 34 ) ( 14 22 62 4 ) ( 85 15 86 ) 53 30 ( 40 50 49 25 13 ) ( 65 29 97 26 ) 36 80 ( 98 48 ) ( 99 11 79 23 46 33 ) ( 24 54 ) ( 16 74 ) 81 58 ( 60 37 84 28 ) 21 ( 41 57 20 93 63 ) 55 43 ( 77 6 95 69 61 10 ) ( 12 19 ) 59 
74: 34 97 ( 68 63 48 ) ( 83 73 28 60 15 4 ) 25 64 ( 66 26 17 81 10 ) ( 98 37 82 ) ( 36 79 35 ) 65 13 2 86 ( 57 53 ) 43 ( 76 71 6 62 ) ( 59 95 21 41 16 ) 56 ( 74 49 70 40 84 ) ( 89 94 69 61 80 ) 54 67 7 
75: 12 ( 78 93 ) ( 64 30 29 49 26 71 19 63 ) ( 80 48 ) 
76: ( 41 3 26 ) ( 28 35 ) ( 40 15 48 ) ( 29 55 25 96 44 81 ) 37 24 49 89 65 61 ( 36 30 83 13 85 86 ) 1 ( 6 90 ) 94 66 
77: 40 36 74 41 ( 49 66 98 68 67 85 20 ) 7 100 ( 13 6 15 ) ( 99 21 10 ) ( 30 37 52 42 70 19 5 ) 90 43 26 ( 80 48 ) 57 ( 77 53 86 ) 34 24 ( 65 14 ) ( 76 16 75 2 4 ) 94 
78: 87 70 24 ( 28 91 ) ( 65 29 49 35 ) ( 30 2 40 5 ) ( 25 86 ) 
79: 73 ( 49 100 ) ( 99 1 ) ( 7 41 56 40 15 ) ( 76 36 71 59 ) 47 ( 48 79 ) 82 13 ( 74 25 63 96 ) 64 10 93 ( 58 37 ) ( 77 23 ) ( 44 62 27 53 ) 61 ( 84 75 46 86 ) 81 ( 80 29 67 ) ( 98 68 94 28 ) 24 
80: ( 64 94 ) ( 54 44 93 38 86 ) ( 30 13 52 ) ( 41 95 96 ) 84 29 26 87 ( 80 63 ) 74 ( 98 97 70 ) ( 36 78 28 14 81 ) 83 ( 42 15 39 ) 59 47 ( 77 49 23 66 72 48 56 ) 
81: 80 ( 21 94 93 ) ( 40 4 ) ( 98 96 ) ( 1 95 84 ) 74 42 ( 50 57 72 ) 47 ( 41 17 25 66 ) 29 62 68 ( 30 69 ) 24 6 79 ( 3 56 ) ( 44 38 ) ( 54 26 28 ) ( 61 34 12 60 ) 19 
82: 23 79 70 ( 59 90 82 ) ( 63 87 86 25 13 48 15 ) ( 19 53 ) 54 ( 71 29 80 96 ) 74 ( 41 57 ) ( 75 95 ) 77 ( 24 26 ) 37 17 64 81 ( 69 60 ) 28 ( 76 44 ) 42 ( 83 67 ) 2 
83: ( 60 23 ) ( 99 64 30 ) ( 77 52 ) 22 24 100 75 98 40 ( 36 90 35 2 93 72 71 80 15 ) ( 95 13 25 4 ) 17 49 14 26 
84: 71 ( 59 13 52 97 15 ) ( 36 35 83 66 28 3 57 ) ( 81 44 ) 38 49 ( 26 22 ) ( 7 32 96 ) ( 29 95 ) 
85: 13 26 ( 65 81 37 ) ( 64 90 55 ) 
86: ( 41 97 ) 89 65 86 49 71 ( 13 96 ) 59 29 ( 23 15 ) 87 98 ( 36 69 70 40 19 ) 34 79 
87: 21 54 95 90 28 ( 81 86 ) ( 59 69 22 ) ( 74 49 19 ) ( 71 56 1 ) ( 89 25 93 73 48 ) 98 ( 99 65 ) 97 57 ( 29 41 85 11 12 94 13 44 ) ( 17 68 ) 70 ( 26 67 82 ) 37 42 75 ( 15 63 ) 
88: 12 ( 66 19 42 ) ( 90 44 22 70 15 86 ) 67 ( 40 26 84 73 51 ) 28 41 71 ( 83 13 ) 60 ( 35 81 48 ) 25 23 ( 79 55 93 56 82 ) ( 1 100 94 20 ) ( 11 21 69 62 ) ( 98 24 74 7 34 ) ( 37 68 ) 65 36 ( 29 49 ) 
89: 69 ( 24 28 ) ( 81 12 91 ) ( 41 68 ) 5 ( 76 74 94 83 56 82 34 ) ( 29 23 ) ( 59 55 15 19 ) ( 30 11 ) 37 57 44 13 71 
90: 36 
91: ( 35 12 13 63 ) ( 99 29 100 67 62 ) 24 76 ( 41 95 85 ) ( 6 37 66 ) 53 ( 64 50 48 69 45 ) ( 3 89 22 97 82 5 ) 57 90 36 30 84 ( 74 44 15 ) 54 ( 59 49 ) 56 78 ( 71 79 ) ( 93 10 ) 81 19 73 34 ( 21 55 25 96 ) ( 11 70 94 40 86 ) 
92: ( 13 98 45 ) 10 ( 43 70 48 ) ( 63 28 ) ( 76 64 24 59 40 ) ( 36 77 47 37 84 38 ) ( 29 3 11 73 93 71 14 ) ( 54 86 ) 94 ( 21 35 ) ( 66 81 80 33 74 17 44 ) 67 23 ( 41 97 ) 34 49 ( 69 95 55 78 ) 
93: 54 13 97 ( 74 73 ) 30 ( 76 29 79 35 7 66 41 49 69 ) ( 57 80 53 ) ( 9 87 ) 98 75 ( 12 68 86 ) 100 60 ( 47 81 15 ) 48 24 85 19 ( 90 23 93 43 ) 
94: ( 24 90 12 2 96 41 57 81 86 ) ( 26 72 ) 13 58 15 ( 22 55 ) 74 44 
95: 98 16 ( 90 7 2 13 67 68 ) 80 ( 6 28 ) ( 29 79 ) 78 56 ( 66 63 86 49 93 22 ) ( 47 81 70 ) ( 24 74 1 83 25 10 ) 
96: ( 54 92 ) 74 93 40 ( 91 58 ) 
97: 48 ( 35 55 ) 54 95 ( 41 85 ) ( 37 26 28 96 43 39 ) 57 ( 68 87 84 ) ( 8 66 ) ( 77 93 ) 99 13 59 ( 74 23 ) ( 81 19 4 15 ) ( 16 30 ) 86 89 67 44 
98: ( 36 53 ) 54 ( 74 49 28 71 81 ) 15 66 75 ( 76 59 98 56 68 91 69 ) ( 24 30 23 96 16 19 ) 10 ( 35 55 41 61 ) 94 ( 65 70 95 13 ) 37 
99: 17 83 ( 13 59 ) 97 84 76 ( 95 15 ) 40 98 ( 74 77 49 ) ( 70 44 ) ( 55 64 ) 82 42 
100: ( 36 71 57 ) 70 91 ( 74 65 ) 28 ( 90 78 24 54 49 95 94 67 15 ) 

1: ( 38 67 ) 81 16 44 ( 95 34 ) 28 62 ( 79 76 88 60 ) ( 3 87 ) 
2: 13 35 ( 78 18 ) ( 8 94 70 51 74 ) ( 67 82 47 ) 58 54 ( 83 95 41 62 63 ) ( 77 23 39 ) 
3: 55 ( 65 68 16 46 40 51 ) 25 84 81 ( 71 76 ) 3 34 ( 11 57 91 92 ) ( 61 18 ) 
4: 83 44 77 97 40 ( 1 81 ) 57 ( 59 29 49 73 26 70 62 74 ) 
5: 91 ( 65 40 51 ) 62 ( 13 49 ) 63 ( 77 78 1 24 48 55 ) ( 89 71 43 17 70 ) ( 59 10 29 3 ) 
6: 50 67 ( 21 49 95 15 ) 91 34 69 ( 77 58 ) ( 70 73 19 ) 51 24 13 76 ( 43 64 ) ( 23 55 4 81 63 ) 30 ( 8 60 ) 72 74 ( 71 46 53 ) ( 48 11 ) 
7: 50 ( 77 84 ) 93 ( 8 95 12 ) 88 74 ( 35 79 72 32 ) 65 
8: 18 34 ( 48 71 44 46 40 ) 97 5 21 
9: ( 21 16 93 ) 
10: 9 91 ( 10 72 73 ) 43 ( 67 7 ) ( 59 13 21 46 50 ) 74 ( 70 92 95 98 ) 77 38 ( 71 28 ) 79 ( 66 51 ) 8 63 27 ( 58 64 17 61 ) ( 44 30 ) ( 48 11 ) 
11: ( 34 63 49 ) ( 16 73 ) ( 8 33 ) 53 21 ( 23 58 27 41 46 ) ( 28 66 70 61 ) ( 50 91 ) ( 40 87 67 ) 48 ( 25 4 ) 64 ( 89 12 ) 18 20 44 ( 57 22 55 88 ) 15 ( 54 92 ) 
12: ( 65 11 35 75 88 ) 13 4 ( 55 94 ) ( 15 87 ) 44 ( 62 21 30 ) 71 93 ( 3 91 ) ( 8 24 73 40 5 63 ) ( 89 34 81 51 ) ( 31 46 48 42 ) ( 59 36 72 61 ) 
13: 60 84 58 ( 20 63 93 ) 87 99 ( 3 6 73 ) ( 40 80 ) 79 86 ( 77 49 ) 8 ( 71 85 30 ) ( 59 76 83 91 69 46 14 5 ) 4 ( 95 61 ) 92 62 ( 25 2 ) 53 98 64 ( 89 21 70 51 ) 24 ( 65 34 16 67 ) 54 28 ( 97 94 ) ( 35 82 12 88 74 ) 1 
14: 66 ( 65 83 62 ) ( 28 48 4 73 ) ( 71 36 ) ( 77 29 24 6 ) ( 5 46 ) ( 55 30 12 92 61 80 ) 
15: 88 8 ( 65 59 24 25 93 ) ( 99 68 ) ( 4 76 ) ( 11 29 ) ( 86 61 80 63 ) ( 21 12 ) 55 ( 34 73 60 51 87 39 15 ) ( 3 22 ) ( 84 54 53 44 50 ) 33 66 98 ( 71 91 ) 30 ( 10 83 18 ) 100 ( 79 82 58 13 67 46 ) ( 77 97 ) ( 74 94 ) 89 48 ( 62 49 ) 
16: ( 46 73 ) 74 98 71 95 30 50 44 62 97 22 69 77 
17: 28 83 40 ( 11 70 46 ) 82 ( 99 81 5 18 ) ( 38 92 74 ) 21 69 ( 32 20 87 ) ( 58 42 4 ) 26 
18: ( 59 43 24 53 ) ( 49 64 ) 60 
19: 40 ( 8 75 ) 48 51 ( 1 12 57 91 ) ( 28 73 62 61 87 ) ( 26 97 ) ( 21 13 93 ) ( 44 29 67 ) ( 86 38 72 63 ) ( 49 60 ) ( 43 89 68 11 46 98 ) ( 77 82 55 19 15 ) 14 ( 65 81 88 ) 
20: ( 77 10 36 24 30 43 88 60 ) 44 16 71 ( 65 48 11 ) ( 58 25 52 73 4 ) 70 ( 3 68 42 18 ) 62 
21: 39 ( 51 24 ) ( 38 58 73 ) ( 2 70 ) ( 7 91 74 ) ( 77 8 34 48 12 57 81 87 ) 29 ( 65 28 6 71 3 92 61 ) ( 11 17 63 ) ( 88 64 ) 44 
22: 8 ( 58 42 48 73 91 16 87 ) ( 59 94 70 ) ( 69 46 25 95 ) ( 21 44 84 ) 55 ( 83 33 ) 35 88 ( 24 12 ) 4 
23: 86 71 ( 97 79 67 5 ) ( 8 64 98 6 88 49 58 93 ) ( 21 57 33 ) ( 40 16 92 ) 51 35 ( 59 82 72 73 ) ( 23 24 12 44 ) ( 89 48 ) 30 ( 70 13 80 ) ( 83 60 63 ) 
24: ( 58 92 81 ) 29 61 16 ( 89 11 76 9 12 71 69 46 62 ) 93 38 82 ( 3 94 60 73 ) 83 ( 77 10 98 91 ) 65 ( 95 49 ) ( 78 48 63 ) 39 ( 100 8 79 30 40 33 53 ) 25 ( 43 34 51 ) ( 21 4 ) 88 ( 13 18 ) 55 70 
25: ( 65 38 69 5 88 40 60 ) ( 8 81 33 12 ) ( 78 79 64 21 62 ) ( 49 76 82 15 ) ( 35 27 4 61 ) 87 25 ( 91 22 74 30 ) ( 50 63 ) 55 9 95 ( 16 58 ) 73 ( 34 24 83 ) 10 ( 71 46 ) 11 
26: 11 ( 57 84 ) ( 34 76 ) ( 85 30 74 87 ) 39 83 77 80 ( 73 53 12 ) 94 46 65 4 88 ( 8 38 9 58 54 71 70 ) 82 44 18 ( 75 49 ) ( 56 97 ) 81 62 
27: 79 
28: ( 11 81 84 ) 8 ( 78 79 35 58 82 53 71 97 62 ) ( 55 60 ) ( 69 13 98 80 ) ( 65 23 12 ) 26 ( 66 21 70 74 51 ) 18 89 ( 38 37 6 92 50 88 87 59 73 20 ) 95 ( 100 72 4 40 ) ( 16 34 29 25 30 ) 3 76 ( 24 32 67 63 ) 
29: ( 60 76 ) ( 48 31 92 39 ) ( 80 63 ) ( 44 49 ) 25 69 75 58 ( 55 84 43 40 ) 95 87 ( 61 30 ) 91 ( 89 35 23 ) ( 8 38 36 28 81 51 59 24 93 53 70 ) ( 13 73 ) ( 82 72 86 46 ) 12 ( 3 11 79 ) ( 78 42 88 ) 
30: 75 23 62 ( 89 71 60 ) ( 65 34 54 3 21 33 ) 58 93 61 77 39 ( 56 81 ) 70 ( 24 28 6 ) 51 ( 48 45 ) ( 78 22 98 ) ( 97 55 18 ) ( 8 76 91 5 63 59 49 53 ) 35 73 14 ( 83 80 ) 20 
31: ( 18 58 ) ( 21 4 ) 
32: 84 ( 58 29 ) 12 
33: ( 73 92 ) 
34: ( 74 73 ) ( 89 24 56 81 ) ( 8 65 11 1 15 ) 72 ( 61 51 ) ( 54 20 ) ( 77 7 91 60 33 34 17 21 70 ) 71 ( 55 64 63 ) ( 86 35 58 88 ) 92 
35: 66 ( 35 36 12 44 17 69 67 51 ) ( 49 83 25 97 16 92 4 ) 24 ( 84 76 ) 78 ( 65 40 63 ) ( 26 28 50 ) ( 32 88 ) ( 38 98 18 91 61 60 34 11 53 93 ) 46 ( 3 74 20 ) 
36: 83 65 33 84 54 62 7 11 ( 100 92 ) 80 ( 77 25 88 63 ) 1 58 8 55 ( 86 3 ) 64 61 66 ( 76 71 32 22 90 ) 98 ( 21 44 ) 67 ( 23 79 ) ( 12 17 57 15 ) ( 13 53 73 18 31 43 91 70 ) 48 ( 46 74 30 ) 
37: 88 16 ( 48 55 ) 17 76 ( 43 49 12 ) ( 28 30 18 21 91 ) ( 13 89 53 ) 61 14 56 23 ( 46 73 87 ) ( 8 39 ) 11 71 35 40 ( 41 70 74 ) ( 67 63 ) ( 77 38 62 85 ) 29 57 ( 44 79 92 4 ) ( 65 64 98 3 32 51 34 82 97 20 ) 
38: ( 8 46 ) ( 92 80 59 24 72 55 70 64 18 81 58 48 84 71 ) 
39: ( 54 43 97 80 ) ( 55 23 ) 9 
40: 65 ( 96 91 ) 67 70 46 7 92 ( 83 15 ) ( 28 22 51 ) 73 19 9 29 44 ( 25 55 88 ) 79 ( 86 11 81 ) 77 ( 78 34 3 21 57 ) ( 38 99 ) 30 ( 76 13 74 40 ) 
41: ( 65 69 63 ) ( 13 48 55 2 ) 92 ( 66 67 ) ( 80 18 ) ( 94 70 ) 36 ( 79 82 30 98 71 32 97 62 ) ( 43 77 16 40 12 ) ( 21 11 39 ) 46 51 ( 59 8 76 ) ( 9 3 91 81 60 88 87 34 24 72 93 ) ( 86 29 73 ) 74 ( 89 35 7 61 4 58 22 ) 
42: 3 35 ( 57 88 ) ( 36 72 40 39 ) ( 43 99 12 ) ( 1 24 ) ( 77 18 ) 53 87 ( 82 4 81 5 80 ) 
43: 70 ( 23 93 ) 63 ( 66 15 ) 65 60 51 ( 8 13 ) 46 ( 77 38 36 39 49 73 44 97 ) 74 71 11 ( 92 24 ) 54 ( 62 61 12 ) ( 29 48 3 67 ) 55 4 
44: 21 ( 79 29 24 60 ) 97 56 ( 59 26 82 92 ) 55 3 65 72 48 ( 35 67 ) 38 ( 8 34 51 63 ) ( 46 58 20 18 ) 62 ( 61 80 ) ( 11 1 ) ( 89 99 27 88 ) 30 28 13 54 84 ( 43 94 91 16 ) ( 76 69 81 40 87 ) 
45: 47 ( 71 91 92 64 7 30 ) 20 36 
46: 16 20 ( 55 18 ) ( 71 34 70 4 ) 46 30 ( 79 73 ) 28 
47: 25 26 16 72 ( 13 12 92 20 80 ) ( 55 95 93 66 ) 54 ( 81 79 63 ) 
48: 61 ( 19 15 ) ( 92 4 27 60 20 93 ) ( 38 40 30 63 ) 33 ( 64 67 75 18 ) 79 ( 3 35 74 12 ) 76 48 65 ( 24 28 68 91 70 50 ) ( 77 88 87 ) 1 ( 8 97 82 ) 53 80 73 45 ( 51 21 44 16 46 ) 71 
49: 74 ( 3 41 76 ) 75 38 51 ( 26 4 30 ) 65 95 ( 57 49 2 ) 69 ( 13 98 ) 5 86 92 66 64 24 ( 35 29 ) 70 ( 44 17 93 ) 78 53 77 11 ( 91 79 60 12 ) 84 99 ( 42 83 18 73 71 80 ) 25 46 67 ( 100 40 88 ) ( 23 87 ) ( 34 58 55 61 63 ) 
50: 30 29 13 ( 81 38 ) 91 ( 67 60 40 73 ) 62 
51: 18 ( 35 58 48 21 32 88 60 ) 
52: 84 ( 43 32 ) ( 70 48 80 53 ) 46 ( 77 24 83 41 67 63 ) 62 
53: ( 48 59 11 ) 73 ( 35 57 70 ) ( 65 39 ) 51 ( 91 69 ) ( 38 64 7 93 53 74 15 ) 61 98 77 3 82 79 
54: ( 11 2 62 40 ) 93 13 ( 58 96 12 26 44 57 50 ) ( 32 80 ) ( 17 97 ) 3 ( 100 24 36 73 21 ) 35 ( 64 53 91 81 33 20 ) 65 ( 4 74 18 ) ( 34 28 25 30 71 51 87 ) 7 59 ( 8 82 29 98 54 41 92 ) 
55: ( 91 40 39 ) 88 ( 35 1 73 ) ( 89 23 94 67 20 ) ( 98 30 ) ( 97 85 ) ( 8 59 69 92 ) ( 16 46 ) 76 ( 43 12 24 ) ( 58 29 ) ( 28 50 ) 99 
56: 15 32 ( 25 3 66 81 61 63 ) ( 42 4 ) ( 89 80 34 1 95 57 22 20 ) 79 ( 69 12 ) 74 87 ( 21 38 48 ) ( 59 91 ) ( 60 98 18 ) ( 24 44 16 14 51 88 ) 
57: ( 77 8 87 ) ( 59 100 24 54 ) 82 ( 14 74 ) ( 29 55 81 ) ( 38 46 ) 68 ( 93 73 56 44 26 91 97 22 20 ) 3 ( 89 35 64 84 ) 12 94 
58: ( 3 4 58 55 44 68 ) 79 24 34 48 ( 62 63 ) 96 71 ( 38 60 64 ) ( 8 94 73 66 50 ) 
59: 54 ( 44 79 ) 18 67 58 ( 98 73 ) 16 ( 4 40 ) 61 ( 48 51 ) 32 ( 10 53 12 ) ( 59 46 92 14 ) ( 71 24 ) 84 ( 8 97 ) ( 99 69 82 87 ) ( 21 91 80 ) ( 89 74 20 39 ) ( 55 3 17 63 ) 38 ( 57 60 ) ( 86 11 ) ( 43 65 62 ) 
60: ( 93 63 ) ( 24 82 68 16 70 88 60 ) 46 ( 25 61 81 ) 47 ( 66 5 ) ( 18 67 ) 74 ( 83 73 ) ( 59 71 ) 
61: 8 ( 55 81 ) ( 59 11 25 44 62 ) ( 57 46 ) 32 ( 54 53 ) 50 5 12 ( 34 76 98 3 61 15 ) ( 29 48 73 43 74 ) ( 65 18 4 51 ) 24 ( 60 30 ) ( 68 79 ) 40 22 
62: 21 71 73 44 ( 40 18 ) 15 ( 81 49 ) 79 53 ( 35 91 4 74 ) ( 11 48 61 88 ) 
63: ( 38 24 91 50 ) 56 ( 49 95 5 20 87 ) 46 ( 79 14 73 15 ) ( 9 33 12 ) 28 74 ( 40 80 92 ) ( 32 23 70 4 ) 82 75 
64: ( 3 58 ) ( 79 29 12 2 61 ) 55 99 56 49 33 92 ( 65 82 42 18 22 74 80 ) ( 6 71 91 75 ) ( 8 38 83 ) 53 ( 59 7 63 ) 21 ( 17 85 ) 30 ( 13 40 ) 
65: ( 66 73 70 ) 74 ( 68 46 76 62 ) ( 49 85 20 ) 38 ( 59 78 11 13 72 98 4 ) 50 61 65 67 ( 3 21 48 ) 100 43 ( 29 28 30 6 86 88 87 34 71 44 15 ) 19 8 23 77 
66: ( 67 24 81 61 ) 95 11 ( 47 84 29 ) 32 80 93 40 74 12 27 ( 43 62 ) ( 71 23 76 ) 98 8 ( 17 97 ) 48 ( 59 44 7 ) 91 ( 38 54 46 4 88 ) 68 92 30 ( 77 72 ) 
67: 67 8 ( 77 82 30 91 ) ( 64 41 16 61 87 15 ) ( 79 34 53 ) 88 ( 3 11 29 92 ) ( 74 70 ) ( 100 37 7 24 58 71 43 97 ) ( 62 95 ) 20 
68: 71 ( 48 22 ) ( 70 1 ) 12 ( 77 40 30 ) ( 66 34 93 ) ( 65 10 79 7 17 4 15 ) ( 95 73 97 74 63 ) 24 54 ( 25 32 88 ) ( 13 55 33 87 ) 89 27 ( 59 43 6 ) ( 67 72 ) ( 81 61 5 18 ) 39 ( 8 21 49 60 98 19 ) ( 3 11 58 ) 
69: ( 62 17 ) ( 44 22 20 ) ( 36 7 88 87 93 ) 39 49 ( 91 70 60 5 ) 64 ( 29 25 73 ) ( 89 46 40 ) 19 ( 34 58 43 81 74 ) ( 66 30 15 ) 98 69 59 55 16 ( 86 67 ) 65 48 92 82 72 ( 71 18 ) 
70: 100 ( 82 48 95 69 74 ) 5 ( 99 54 53 86 88 ) 92 ( 20 15 ) ( 71 98 ) ( 77 46 ) ( 11 21 87 ) 8 55 51 30 3 ( 65 78 38 25 91 60 ) 80 ( 34 67 ) 
71: 86 92 ( 59 13 ) ( 84 53 ) 69 ( 100 34 83 6 22 63 ) ( 18 24 ) 5 64 35 89 3 ( 79 60 87 ) 62 ( 17 82 30 39 ) ( 49 74 ) 55 38 ( 65 7 70 88 ) 44 ( 91 29 75 98 ) 
72: ( 65 26 22 81 40 ) ( 3 71 80 ) ( 66 24 61 ) 94 83 70 
73: 74 ( 79 13 44 91 22 4 39 ) ( 61 60 53 93 43 67 ) ( 92 51 88 18 ) 87 
74: 96 ( 82 40 80 ) ( 38 49 24 ) 91 ( 32 62 ) ( 57 12 ) 93 35 ( 8 73 71 56 88 ) ( 100 64 55 ) 95 ( 28 99 ) ( 46 63 ) 1 ( 89 81 97 ) 79 ( 59 13 18 70 92 ) 44 ( 65 77 11 29 21 ) ( 3 60 15 ) 87 98 17 ( 4 58 ) 74 94 67 ( 61 20 ) 
75: ( 26 79 28 93 ) ( 8 82 83 70 20 ) 87 17 98 24 ( 77 7 ) 
76: ( 29 93 46 51 ) ( 77 82 3 91 2 50 ) ( 79 1 54 16 92 70 74 ) ( 24 30 98 60 ) 18 13 ( 89 55 ) ( 65 99 25 21 ) 62 
77: ( 58 82 73 12 71 92 ) 3 ( 77 80 63 ) 15 99 ( 14 39 ) 79 83 97 
78: 35 ( 21 67 64 1 12 ) ( 95 18 ) ( 68 92 ) 8 ( 38 70 13 30 ) 58 ( 46 28 7 15 ) 80 100 54 27 ( 91 24 75 ) 55 ( 3 11 69 ) 71 
79: ( 69 25 4 95 ) 88 63 49 16 64 ( 3 29 72 81 ) ( 71 73 ) ( 48 20 93 ) ( 28 11 82 ) ( 65 32 ) 79 ( 21 30 ) 86 91 74 
80: 92 23 ( 79 73 31 2 74 ) ( 11 82 1 95 ) 63 ( 65 21 39 ) ( 4 80 40 18 ) ( 81 33 93 ) ( 77 10 24 13 61 75 ) ( 46 72 25 30 ) 8 51 ( 69 36 83 ) ( 17 57 58 55 ) ( 43 71 56 49 ) 
81: ( 9 98 3 62 88 49 1 12 67 ) ( 65 2 84 61 ) ( 85 87 ) ( 16 25 18 ) ( 58 71 51 ) 8 21 ( 89 59 53 26 ) ( 23 82 64 93 97 40 ) ( 94 79 ) 4 92 73 ( 5 24 ) 46 91 ( 56 34 11 15 ) 33 69 ( 48 95 ) 43 ( 38 70 74 54 ) ( 76 30 80 63 ) 
82: 25 ( 89 53 71 3 ) ( 99 1 ) 24 82 32 ( 91 13 88 ) 2 ( 22 79 ) 20 ( 70 36 74 87 ) 
83: ( 62 49 ) 76 63 ( 99 34 25 53 3 ) ( 60 73 ) ( 8 58 ) ( 89 28 37 84 55 74 ) ( 21 46 ) 15 61 ( 43 4 ) 88 67 95 82 ( 35 48 30 18 71 51 5 80 ) 
84: ( 35 92 67 27 74 ) 71 ( 99 4 88 60 73 ) 80 ( 18 91 81 40 59 ) ( 8 72 ) ( 69 53 ) 55 32 ( 79 97 70 62 ) 44 
85: 36 87 64 73 13 15 ( 23 62 61 6 ) 93 59 5 ( 77 38 29 32 91 50 51 11 49 71 44 16 97 46 ) 76 
86: 8 ( 44 95 5 63 ) 10 12 ( 43 72 60 ) 11 46 ( 86 34 93 ) 69 71 51 ( 17 16 80 ) ( 82 53 56 40 ) 39 ( 78 74 73 ) ( 65 24 92 ) ( 77 25 54 20 ) ( 91 70 ) ( 76 3 62 61 94 49 13 97 ) 55 79 ( 1 30 18 26 32 88 ) 87 
87: 80 78 82 ( 86 97 49 93 ) 17 71 59 67 31 
88: ( 65 41 39 ) 54 
89: 62 ( 23 55 86 14 74 ) ( 61 97 ) ( 91 87 ) 68 16 ( 35 76 25 53 ) 4 
90: 21 61 ( 59 85 91 ) ( 100 32 4 88 94 83 16 14 77 33 51 40 87 82 48 25 95 93 69 46 ) 58 ( 65 24 60 63 ) ( 3 76 ) 
91: ( 8 24 98 67 ) 46 96 64 71 89 ( 78 30 53 ) 58 3 43 100 60 
92: ( 22 96 ) ( 59 73 ) ( 44 16 ) 
93: ( 92 55 75 ) ( 32 38 80 ) 26 ( 4 50 88 10 24 83 96 22 9 62 87 58 54 73 69 97 ) ( 79 48 43 81 63 15 ) ( 65 95 93 91 33 ) 
94: ( 77 98 12 ) ( 57 39 ) 1 88 21 ( 91 62 4 18 ) 87 41 ( 13 27 61 74 40 ) ( 7 92 ) ( 89 55 80 ) ( 3 69 70 ) 71 76 ( 8 100 79 9 6 81 72 15 ) 36 ( 14 60 ) 33 ( 32 24 ) 23 16 
95: ( 11 29 49 48 57 46 ) ( 4 67 ) 43 ( 71 87 ) 83 ( 34 98 ) ( 8 65 9 54 62 40 ) ( 32 23 ) 2 35 ( 64 16 70 63 ) 69 82 72 74 ( 30 92 ) 99 7 ( 97 50 73 ) ( 80 18 ) ( 3 91 12 ) ( 81 27 60 ) ( 100 61 ) ( 24 84 6 ) 
96: 16 ( 94 46 ) ( 79 62 ) 53 82 84 97 91 98 ( 54 12 81 ) ( 29 76 86 61 80 11 23 24 13 43 67 70 15 ) ( 28 40 ) 60 56 17 21 ( 30 64 ) 72 55 
97: ( 86 68 91 73 ) 30 10 29 84 ( 99 58 64 ) ( 8 70 51 ) ( 26 41 ) 74 ( 44 69 28 40 ) ( 61 80 12 ) 87 ( 43 50 ) 49 ( 55 60 18 ) 92 32 ( 1 25 93 17 ) 5 
98: ( 95 88 60 ) 70 16 31 ( 59 92 33 74 19 ) 79 54 64 87 ( 28 4 40 63 11 83 15 ) 48 17 25 61 ( 55 98 12 43 67 46 ) ( 77 86 ) ( 65 32 ) 73 ( 8 99 9 71 44 ) 21 38 3 93 69 ( 2 58 81 80 ) 
99: 77 25 51 20 16 ( 35 48 55 73 44 97 91 70 46 33 ) 64 79 24 ( 83 47 21 87 ) 4 ( 12 58 18 ) 
100: ( 91 30 ) 93 ( 77 83 13 88 ) 4 79 57 ( 34 70 ) 38 ( 6 66 ) 
