1: 56 ( 38 45 ) 9 43 61 8 97 29 ( 42 88 ) 68 ( 54 74 49 55 17 75 ) 24 84 26 96 ( 78 73 20 ) 83 ( 98 67 35 40 ) ( 100 7 60 ) 91 37 ( 92 22 ) 
2: 45 ( 6 9 ) 12 ( 76 67 51 ) ( 95 15 63 ) 29 73 61 36 71 99 56 ( 54 23 66 3 68 34 ) 96 ( 55 26 ) 100 58 ( 16 8 20 ) 
3: 9 14 30 8 17 99 91 ( 54 79 ) 89 ( 24 36 85 ) ( 41 88 ) ( 67 61 34 40 63 45 ) 10 ( 58 65 ) 76 ( 43 68 7 ) 75 44 ( 3 83 84 26 96 98 21 16 ) 56 29 82 69 28 ( 49 35 95 71 32 20 87 ) 13 ( 6 97 42 19 ) 
4: 35 ( 58 45 ) ( 41 3 ) 34 50 ( 24 32 ) ( 17 88 ) 68 75 ( 99 36 96 16 43 ) 9 ( 76 65 8 38 69 ) ( 46 40 ) 20 87 ( 49 95 81 26 ) ( 54 29 42 33 ) ( 30 6 73 48 56 51 ) 
5: 49 6 69 13 61 ( 18 42 78 45 ) 29 ( 90 79 ) ( 24 53 ) ( 47 88 ) 32 68 ( 17 76 95 ) 96 ( 1 87 63 ) ( 100 8 ) ( 50 9 ) 16 ( 2 19 ) ( 3 75 52 ) 
6: ( 38 68 42 19 ) ( 24 1 96 ) ( 100 72 21 ) ( 43 45 11 ) 32 12 89 
7: 34 75 ( 36 8 55 13 ) 7 15 ( 3 40 ) 39 38 ( 19 26 ) 54 53 32 42 45 78 60 48 
8: 10 ( 30 9 ) 50 ( 68 75 88 ) 87 54 6 81 ( 43 1 20 38 ) 25 56 13 ( 71 49 ) 48 26 67 36 
9: ( 13 96 ) ( 76 84 ) ( 19 8 ) 75 17 28 ( 100 39 ) 81 58 43 ( 78 29 ) 40 34 ( 30 42 72 ) 20 ( 24 99 69 ) 53 
10: ( 38 56 42 19 ) ( 75 8 ) 20 
11: ( 63 45 ) ( 92 97 95 94 ) ( 65 56 66 ) 87 68 ( 38 48 ) 43 54 
12: 9 92 63 ( 77 56 ) 26 ( 36 35 43 40 ) ( 42 74 49 2 98 ) 8 45 ( 30 6 29 53 48 16 69 ) 41 ( 61 96 28 ) 23 ( 52 17 3 91 20 ) ( 95 32 87 ) 
13: ( 24 54 49 2 48 ) 
14: 88 45 ( 95 78 48 58 ) 9 ( 56 96 51 ) 89 ( 36 49 90 67 ) ( 99 47 73 16 ) ( 53 10 ) 61 ( 3 23 79 ) ( 17 83 ) 1 20 29 34 41 ( 82 8 ) ( 71 26 28 ) ( 76 72 ) ( 40 13 ) ( 98 30 ) 
15: 30 ( 24 6 66 92 14 19 87 ) 59 16 ( 71 88 83 ) ( 89 90 100 95 41 3 56 40 ) ( 61 77 ) 78 76 62 68 34 ( 54 69 ) ( 43 82 2 60 20 ) 
16: ( 35 13 73 96 51 45 ) ( 54 16 56 42 61 ) 83 78 ( 90 55 19 ) 63 53 9 ( 6 29 ) 84 100 ( 8 46 ) 95 75 
17: ( 30 82 ) 20 38 ( 54 63 ) ( 29 40 78 ) ( 17 32 ) ( 99 26 92 ) ( 71 1 ) 75 51 19 
18: ( 99 9 79 61 63 23 53 ) 20 ( 17 43 34 ) 8 92 66 ( 44 42 ) ( 88 97 ) 19 ( 50 29 91 ) 3 ( 16 6 67 7 ) 36 45 96 69 78 ( 30 25 38 26 98 71 75 ) 65 28 49 83 ( 59 54 ) 
19: ( 56 95 81 40 ) 13 ( 24 29 87 19 45 ) ( 59 8 ) 16 ( 36 55 26 43 ) 7 91 53 73 90 17 ( 52 96 72 ) ( 88 49 ) 71 48 ( 54 42 34 ) 39 
20: 8 ( 34 32 ) ( 24 36 35 26 ) ( 92 95 53 ) 42 1 9 
21: 67 ( 44 20 2 84 15 10 ) 
22: ( 90 7 37 ) ( 6 38 34 40 ) 
23: ( 46 26 ) 45 53 96 88 ( 30 92 5 95 16 19 ) 
24: 29 ( 17 74 47 38 ) ( 6 9 49 41 88 20 ) 65 ( 11 53 34 61 ) 10 8 75 
25: 92 ( 66 23 ) ( 10 32 ) 36 ( 29 83 56 ) 20 12 ( 8 16 34 63 ) 48 ( 99 30 35 100 79 95 43 19 ) 68 45 13 ( 75 42 ) 7 ( 76 18 61 38 ) ( 71 44 96 ) 88 49 ( 65 72 ) 
26: 9 ( 58 88 87 ) 29 ( 24 61 ) 16 
27: 65 ( 55 3 16 67 ) 6 21 13 30 ( 59 60 38 ) 97 88 ( 8 96 56 34 ) 17 ( 20 37 26 ) 
28: 53 ( 23 13 ) ( 76 89 30 9 28 17 69 ) ( 55 18 2 ) 32 
29: 59 ( 54 6 100 ) ( 90 75 7 20 ) ( 65 29 95 ) ( 30 16 67 63 ) 91 ( 68 34 28 ) 44 ( 38 85 61 80 33 98 19 45 ) 48 ( 56 47 83 73 ) 
30: ( 100 95 40 78 ) 69 53 ( 34 55 ) 
31: 17 ( 99 8 55 66 72 43 ) ( 30 88 48 ) ( 73 79 ) ( 36 24 89 95 60 51 ) 
32: ( 54 83 ) ( 76 89 37 66 38 28 88 24 95 96 17 71 75 70 45 ) 78 53 ( 99 30 ) ( 18 67 11 20 ) 22 6 63 ( 77 91 69 34 ) 51 40 39 14 ( 43 29 68 ) 98 65 36 ( 35 7 32 42 26 72 ) 13 49 ( 84 23 ) 8 58 62 79 
33: ( 54 12 ) 100 36 ( 24 30 3 ) 99 28 58 ( 9 62 ) 76 ( 49 53 82 75 ) 29 18 ( 43 63 ) 92 10 ( 79 8 ) 25 ( 34 40 88 15 ) ( 32 90 ) 56 ( 26 69 ) 39 ( 6 35 42 51 55 95 52 16 19 ) 
34: 46 63 87 ( 49 51 ) 57 ( 59 77 20 ) ( 89 92 75 40 ) ( 99 9 8 41 42 68 ) 65 23 ( 76 100 95 71 56 69 88 ) 26 ( 54 83 16 ) ( 47 37 3 91 81 ) ( 44 73 ) 13 ( 24 38 45 ) ( 32 96 ) 
35: ( 17 16 ) 78 91 ( 7 41 ) 83 ( 90 97 ) 84 ( 36 77 68 ) ( 13 28 22 ) 
36: ( 66 29 ) 6 14 ( 8 53 81 ) ( 59 88 ) 23 69 42 ( 3 20 96 ) ( 99 91 70 48 ) 1 
37: ( 31 53 ) ( 99 90 71 3 68 ) ( 18 49 ) ( 30 19 ) 13 7 29 44 45 54 ( 95 66 96 28 62 69 63 ) ( 36 47 78 38 56 ) ( 8 26 21 14 ) 75 ( 91 61 40 88 86 55 72 ) ( 9 42 84 ) 73 ( 57 10 ) 
38: 71 92 ( 32 40 52 ) ( 36 47 29 ) ( 78 28 ) 87 ( 66 61 88 24 96 ) 18 
39: ( 77 49 95 91 ) ( 56 78 ) ( 37 61 88 24 13 73 16 75 ) ( 74 26 ) 41 60 48 ( 82 42 ) 10 ( 3 35 94 40 87 ) 
40: 36 ( 16 58 20 ) ( 69 7 10 ) 100 88 ( 3 48 ) 8 34 ( 66 68 ) ( 96 19 63 ) 17 ( 95 83 53 56 75 15 ) 29 73 28 71 ( 30 39 ) 50 99 ( 49 9 43 32 ) 65 
41: ( 42 79 7 94 ) ( 65 29 47 66 ) 43 69 ( 89 59 73 96 ) ( 36 77 48 17 14 61 ) 
42: ( 74 100 ) 96 ( 30 55 20 ) 40 ( 9 28 42 61 ) 36 69 8 ( 16 38 ) 67 97 15 91 ( 83 48 ) 
43: 30 ( 74 26 56 ) ( 92 58 20 ) 90 ( 23 70 66 ) 42 19 51 ( 54 12 95 52 15 ) 38 ( 3 59 49 63 84 ) ( 55 73 68 ) 13 
44: 41 ( 36 29 97 ) ( 88 96 72 52 17 69 ) 74 42 83 43 99 15 9 61 11 ( 31 1 44 ) 23 48 79 65 ( 30 26 ) 53 24 18 
45: 61 40 99 24 ( 8 16 32 69 88 19 ) 52 9 65 73 ( 3 83 84 ) ( 66 4 ) ( 29 38 35 ) ( 6 43 ) ( 54 56 23 45 ) 
46: ( 77 63 8 ) 
47: ( 92 45 ) 91 
48: 6 ( 9 13 83 63 ) 68 88 87 54 5 ( 47 40 ) ( 99 3 56 69 ) 34 20 96 ( 26 28 ) 16 81 ( 58 52 ) ( 18 36 61 ) 42 53 29 ( 49 95 33 45 ) 
49: 9 ( 36 89 100 95 ) ( 40 38 ) 17 68 69 21 20 ( 26 1 ) ( 19 48 ) ( 24 43 ) ( 8 28 52 ) 91 ( 7 88 86 ) ( 73 96 ) 22 49 ( 99 78 ) 
50: ( 84 19 ) 71 24 34 ( 41 45 28 ) 100 ( 38 85 75 63 15 ) 42 ( 89 20 ) ( 54 90 7 13 26 48 87 ) 67 72 ( 76 3 68 40 ) 79 ( 58 78 ) ( 18 9 1 53 96 39 33 ) 
51: ( 14 91 40 48 ) 73 29 ( 47 61 59 ) ( 36 77 66 ) ( 24 6 10 ) 69 95 88 ( 54 49 ) 1 96 30 3 31 ( 13 53 16 58 20 ) ( 17 68 ) 12 ( 76 67 8 ) ( 89 42 63 ) 87 ( 90 94 45 ) 
52: 61 83 ( 48 43 56 42 ) 
53: 36 63 65 ( 35 53 58 88 20 ) 6 50 
54: ( 21 30 5 ) ( 69 58 40 ) ( 89 47 66 ) ( 76 3 31 37 ) 6 63 23 45 ( 67 96 ) 92 ( 29 42 ) ( 24 16 32 84 ) ( 54 35 52 20 87 ) 7 ( 59 26 28 ) 81 
55: 23 ( 43 71 75 5 ) 99 36 78 ( 56 46 34 10 72 ) 16 68 95 ( 6 81 13 19 ) 
56: 8 44 ( 95 88 ) ( 6 73 ) ( 1 72 91 51 ) 97 ( 18 89 7 3 40 96 17 21 67 45 ) 35 ( 13 52 61 ) ( 16 29 63 ) 48 ( 47 66 43 56 34 10 ) ( 24 49 94 ) 77 92 32 26 71 37 ( 30 100 ) ( 14 42 58 ) ( 36 68 28 ) 
57: 26 ( 77 29 ) ( 95 54 ) 66 43 16 
58: 28 40 49 29 ( 43 62 ) 10 32 20 ( 3 85 78 48 ) 9 79 ( 24 89 26 98 80 88 19 87 ) 53 35 61 17 ( 30 46 75 15 ) 95 100 23 ( 67 37 ) 
59: 45 17 ( 18 26 75 20 ) 3 5 88 ( 49 56 80 51 ) ( 7 68 34 ) 95 29 24 ( 36 77 73 53 22 ) 30 10 42 55 ( 8 58 ) 
60: 63 
61: ( 1 69 ) 36 ( 29 75 ) 56 49 ( 30 8 48 ) ( 34 43 74 ) 22 ( 20 78 ) 32 ( 100 66 3 16 ) ( 6 65 9 63 19 ) 28 40 42 37 52 47 99 
62: 6 ( 1 79 78 63 ) 99 13 69 36 ( 76 3 100 7 ) ( 26 48 40 86 ) 49 52 16 45 34 
63: 33 91 53 ( 18 10 ) ( 23 17 68 69 75 20 ) 84 ( 56 57 7 80 96 ) 95 19 ( 43 13 26 ) ( 44 58 28 ) ( 67 48 ) 3 ( 76 100 61 63 ) 24 82 49 ( 90 34 88 39 ) ( 29 25 ) ( 9 8 79 40 45 ) 
64: 73 90 41 58 24 67 92 96 72 38 13 9 
65: 40 100 ( 9 78 61 87 23 96 10 ) 66 ( 75 26 ) 42 85 84 ( 76 49 37 33 ) 19 ( 8 41 24 95 47 98 16 43 71 67 22 ) 
66: ( 77 23 19 ) ( 65 47 7 84 3 ) 13 
67: ( 49 95 66 71 40 ) 88 24 19 20 ( 73 45 ) ( 9 35 13 53 75 5 ) 36 16 ( 41 78 26 ) ( 34 3 ) ( 67 14 84 38 ) 96 87 23 ( 99 100 8 59 74 52 ) 76 ( 6 29 48 56 69 61 ) 63 58 79 17 80 
68: 73 72 100 42 ( 43 40 ) 47 ( 1 8 83 66 28 56 69 ) 75 24 30 85 ( 36 90 ) 54 ( 55 96 ) 70 10 48 ( 19 45 ) ( 92 94 67 ) 26 ( 50 20 ) 
69: ( 99 89 38 3 56 20 ) 19 95 46 72 92 58 ( 76 45 ) 24 52 ( 65 35 ) 9 ( 67 75 15 ) 
70: ( 17 99 ) ( 65 100 41 61 39 55 12 47 96 67 36 3 11 13 84 52 46 75 ) ( 63 54 49 83 69 45 ) 2 5 ( 24 8 97 19 ) ( 18 16 ) 42 
71: ( 24 53 48 81 88 39 5 ) 19 71 20 92 96 7 ( 11 75 ) ( 29 9 100 3 51 95 ) 69 ( 42 61 52 ) 76 78 30 49 
72: 20 61 30 45 ( 34 26 ) ( 99 9 100 43 51 ) 54 58 29 ( 92 60 87 59 47 ) 71 ( 68 95 83 ) 17 ( 36 16 63 ) 74 69 ( 49 40 88 ) ( 38 56 ) 91 19 
73: 95 26 ( 99 71 68 69 61 40 88 ) 38 67 ( 39 42 ) 94 80 87 29 17 75 93 13 
74: 8 13 ( 23 71 88 40 20 ) 
75: ( 8 26 41 75 20 ) 42 76 ( 82 48 ) ( 100 17 58 40 ) 23 35 52 ( 83 28 ) 
76: 12 ( 65 1 34 70 ) 23 66 ( 76 8 26 41 97 88 87 ) ( 90 100 7 96 ) 19 ( 30 38 ) ( 9 78 17 20 51 ) 40 29 
77: ( 83 21 43 70 19 10 51 ) ( 89 49 38 28 3 58 ) 27 99 ( 90 55 ) ( 95 20 53 ) 1 40 ( 23 100 ) 16 ( 61 54 ) 26 
78: ( 18 6 9 87 74 49 52 16 45 ) ( 99 31 ) ( 62 34 83 73 17 69 46 19 ) 75 ( 11 48 ) 7 88 ( 36 44 ) 54 42 ( 3 32 97 ) ( 40 20 53 ) 
79: 17 38 87 6 76 
80: ( 59 72 ) 30 32 65 55 40 ( 16 88 ) 66 77 ( 95 10 49 ) 38 26 ( 35 20 96 ) 
81: 17 ( 73 26 19 ) ( 76 8 ) 68 56 96 7 79 ( 71 29 22 ) 93 44 16 67 ( 58 69 ) 6 42 51 ( 3 49 88 ) ( 24 9 100 15 ) ( 18 64 77 30 45 ) ( 40 39 ) 99 ( 65 13 66 38 20 ) ( 61 75 95 10 ) ( 43 74 ) 37 ( 70 87 ) 
82: ( 12 52 69 61 ) 33 ( 8 17 3 97 14 34 ) ( 1 26 91 ) 75 ( 54 28 ) ( 9 15 ) 68 45 30 6 58 24 49 ( 13 66 88 ) ( 43 100 85 ) ( 98 16 ) 
83: ( 65 8 78 19 45 ) 87 ( 50 29 88 ) 92 ( 58 40 ) ( 30 5 28 ) 94 98 ( 53 69 ) 
84: 85 34 ( 28 83 26 53 17 16 67 58 ) ( 49 61 38 ) ( 74 29 8 66 72 ) 88 63 32 
85: 58 ( 6 30 68 32 75 81 40 ) ( 76 65 9 54 95 52 16 45 ) 20 ( 49 35 19 26 ) 57 59 ( 90 38 43 3 ) 
86: ( 99 18 42 ) 44 12 ( 91 78 52 ) 62 66 10 ( 76 23 ) 36 ( 74 90 75 61 34 ) ( 49 100 26 32 97 ) ( 65 79 83 3 ) 63 ( 38 51 ) 43 
87: ( 61 32 84 ) 1 ( 97 100 55 39 ) ( 69 10 45 ) 20 71 ( 17 42 87 ) 40 19 82 29 95 ( 83 48 16 34 58 ) 89 ( 36 18 6 54 9 90 13 ) 66 49 
88: ( 99 9 35 66 60 24 83 69 19 45 ) ( 11 75 10 ) ( 18 89 ) 65 ( 17 95 ) ( 30 50 94 13 53 88 ) ( 6 29 8 61 55 84 ) ( 54 49 91 ) ( 58 40 63 ) 7 92 
89: 83 ( 1 29 42 12 13 ) ( 67 90 38 ) 
90: 24 
91: 100 45 64 ( 89 29 8 97 10 ) ( 36 95 16 67 69 ) ( 31 43 56 75 87 ) ( 20 40 ) 
92: 3 40 49 ( 62 42 ) ( 67 91 8 ) 75 92 82 58 ( 98 43 56 ) 63 53 ( 34 19 68 ) ( 78 28 ) 36 13 20 1 
93: 6 ( 29 8 35 96 17 ) 
94: 73 ( 49 69 22 ) ( 16 20 ) ( 30 11 93 ) 13 ( 89 8 ) 6 ( 58 17 ) 34 35 ( 100 88 83 ) 
95: 96 ( 29 84 87 ) ( 89 22 20 ) ( 16 48 ) 
96: 65 15 99 18 100 29 ( 36 77 30 9 42 1 94 48 17 43 ) 40 20 ( 8 69 52 ) ( 63 28 ) 
97: 16 
98: 68 ( 99 54 13 53 96 61 ) ( 71 39 ) ( 8 14 10 26 ) 34 ( 65 3 56 100 95 87 ) 38 
99: 90 69 
100: ( 32 69 ) 

1: ( 8 68 14 61 ) 62 51 5 82 96 ( 49 20 ) 89 17 ( 92 76 ) 56 44 87 ( 77 36 ) 50 6 
2: ( 13 28 5 ) 21 15 70 12 
3: 4 86 67 54 36 ( 34 92 63 ) ( 62 58 ) 12 ( 3 50 18 ) 14 ( 37 7 ) ( 59 70 85 45 5 ) 39 ( 78 40 ) 27 ( 56 51 ) ( 98 43 15 ) 69 71 ( 77 82 ) ( 66 48 61 81 ) 2 33 
4: 45 
5: ( 70 67 ) ( 48 59 ) ( 83 55 54 ) ( 23 71 ) 
6: 55 ( 8 54 ) ( 16 61 27 51 ) 5 82 ( 3 36 87 ) ( 48 45 ) 29 ( 94 18 62 33 88 15 ) 12 ( 24 53 32 67 2 ) ( 81 93 ) 79 4 ( 56 78 22 85 ) 
7: 3 ( 59 37 18 22 81 ) 76 54 ( 40 1 ) 66 ( 41 35 29 ) 56 32 78 ( 7 71 62 50 88 ) ( 49 25 19 63 ) 
8: 84 ( 65 49 7 92 75 ) 93 ( 59 74 ) 45 ( 1 46 61 ) 10 70 ( 31 32 16 81 20 ) ( 56 4 19 63 ) 12 40 3 ( 76 18 91 88 33 34 96 25 67 ) ( 68 9 98 ) 36 ( 94 37 83 27 51 5 ) 42 ( 24 2 ) ( 82 14 ) 
9: 16 65 40 1 88 58 37 78 14 ( 34 96 ) 49 44 ( 26 42 87 ) 63 ( 28 61 ) 82 5 85 ( 3 69 ) ( 48 76 ) 4 2 8 ( 81 33 24 72 12 71 45 20 ) 50 ( 67 64 ) 18 
10: 51 ( 59 25 3 56 91 39 87 63 ) 40 ( 77 65 37 68 ) ( 81 80 ) ( 8 98 33 88 24 55 21 14 ) 58 86 
11: 71 ( 32 70 88 ) ( 78 6 ) 24 ( 44 94 ) 
12: 82 70 89 ( 43 25 6 ) 86 ( 76 33 ) ( 51 2 ) 
13: 56 43 94 ( 35 37 14 ) 70 82 32 66 ( 81 51 ) ( 89 64 67 88 ) 27 3 ( 8 28 55 19 ) ( 25 7 16 92 87 ) ( 34 48 ) ( 62 50 ) 63 5 ( 9 39 ) 74 ( 98 73 ) 
14: ( 82 37 56 ) ( 41 67 98 ) ( 36 3 32 ) 15 51 
15: 44 42 50 ( 7 40 ) 96 ( 43 21 81 ) ( 2 58 82 ) 69 33 
16: 2 51 16 ( 48 95 61 ) 34 ( 82 72 ) ( 77 91 40 15 18 ) ( 23 26 80 ) ( 78 94 42 55 12 57 67 85 5 ) 54 39 ( 84 19 70 ) ( 4 33 14 ) ( 29 3 56 81 45 87 ) ( 65 35 97 ) ( 25 62 27 ) 
17: ( 27 63 73 ) ( 9 72 93 12 75 ) 51 ( 84 70 ) ( 59 82 ) 94 ( 4 76 ) ( 3 56 17 ) 18 14 24 49 ( 31 5 ) ( 79 58 81 ) ( 28 96 67 ) 35 ( 41 32 ) 78 1 ( 88 19 ) ( 44 40 87 ) 
18: 28 48 50 56 63 5 59 37 ( 86 70 87 ) 33 96 ( 32 25 81 88 ) ( 78 38 44 ) 
19: 71 ( 23 83 88 15 ) 10 ( 92 45 ) 72 ( 37 76 ) 25 ( 7 33 ) 43 ( 3 68 85 6 ) ( 66 69 58 ) 78 87 17 ( 19 63 ) 50 61 67 40 18 ( 65 77 49 16 ) 5 29 81 55 ( 70 9 ) 
20: ( 21 32 1 ) 72 ( 69 92 ) ( 78 96 75 63 ) ( 27 74 ) ( 4 36 ) ( 77 80 ) ( 59 43 ) ( 8 29 42 2 61 94 58 25 54 71 17 68 ) 67 81 ( 48 85 76 ) ( 34 12 53 14 15 87 ) 10 ( 18 3 50 51 40 49 24 95 ) 91 9 
21: 3 ( 77 49 37 27 54 6 56 ) 
22: ( 49 1 81 ) 35 ( 65 94 61 ) 59 32 95 
23: 14 55 63 ( 36 45 18 ) 25 28 ( 2 76 ) 74 ( 77 54 12 66 86 ) ( 32 44 ) ( 58 43 ) 75 ( 65 34 67 ) 
24: 68 44 ( 65 88 ) 3 70 38 51 ( 15 19 ) 20 ( 1 82 6 71 90 ) ( 64 33 ) ( 59 5 ) 56 9 ( 13 32 ) 49 50 ( 54 26 69 4 45 39 ) 34 58 31 ( 81 67 ) 63 
25: 8 ( 33 18 ) 63 
26: ( 2 7 63 ) 27 ( 37 98 12 17 ) ( 34 84 73 ) 33 56 ( 65 50 ) ( 86 20 ) 76 77 80 72 81 ( 62 44 1 ) ( 18 59 49 48 54 57 75 19 ) ( 23 43 3 4 ) 39 58 82 85 ( 68 67 ) 8 ( 14 32 ) 
27: 77 
28: 3 ( 14 50 ) 33 83 ( 77 29 9 32 48 84 68 ) 96 ( 37 40 ) ( 38 35 28 75 ) ( 82 61 ) 18 56 ( 12 92 ) ( 49 58 42 54 63 ) 
29: 24 4 56 ( 29 9 32 59 72 83 54 16 57 ) ( 14 84 40 93 ) 73 ( 38 25 3 61 45 ) ( 1 87 ) 44 89 63 ( 58 48 71 91 2 33 ) 41 76 67 12 26 ( 37 19 ) 88 ( 17 96 81 5 ) 18 95 36 51 
30: ( 59 83 28 ) ( 43 17 18 ) 96 25 4 61 ( 71 58 ) 9 56 32 51 ( 94 82 54 31 33 80 15 ) 27 ( 44 29 76 81 ) 37 40 ( 23 72 14 88 ) ( 8 68 85 ) ( 3 42 12 ) 
31: 91 ( 78 37 54 51 ) 44 
32: 5 4 ( 3 85 ) 25 84 ( 61 6 ) 33 ( 56 17 ) 12 ( 100 78 28 20 80 ) ( 86 7 40 ) 58 ( 38 54 32 45 ) ( 34 87 ) 
33: ( 65 29 48 ) 4 63 82 50 
34: ( 3 76 72 84 ) ( 27 30 18 86 92 40 33 15 ) 4 48 82 59 20 ( 56 78 7 ) 25 ( 9 19 ) ( 29 32 22 50 ) 2 ( 24 98 67 14 61 87 ) ( 94 55 62 63 ) 
35: ( 54 3 32 75 20 ) ( 16 88 ) 93 ( 69 58 85 ) 67 ( 25 12 53 45 39 ) ( 94 1 4 80 33 ) 56 
36: ( 48 37 7 68 91 62 19 ) 14 ( 78 12 41 92 4 20 ) ( 38 35 42 18 31 3 32 49 96 55 ) ( 59 72 33 51 ) ( 8 53 44 70 ) ( 56 61 40 ) 86 ( 67 2 87 ) 25 
37: ( 65 32 ) 56 ( 1 58 ) 22 54 61 81 ( 27 34 39 ) 
38: 17 77 ( 89 64 37 32 50 72 73 43 ) 7 81 22 ( 6 34 ) 18 ( 10 11 29 24 49 1 42 27 86 ) ( 8 98 ) 4 ( 79 85 84 ) 25 ( 45 67 ) 76 ( 69 80 ) 
39: 32 ( 9 71 70 50 19 ) 81 ( 7 98 73 33 63 ) ( 40 87 ) 
40: 19 33 ( 56 32 67 74 15 39 ) 72 ( 3 65 78 22 ) ( 9 37 4 ) 75 ( 34 30 ) ( 38 49 61 ) 92 85 ( 7 17 62 88 63 ) ( 42 14 ) ( 48 50 45 87 ) 51 73 80 ( 58 96 68 81 ) ( 91 76 ) ( 1 83 54 ) 12 77 
41: 39 35 24 ( 64 3 4 12 44 70 67 75 ) ( 76 14 ) 50 ( 65 15 ) 34 
42: 42 68 16 ( 73 36 ) 51 96 ( 65 52 18 75 ) ( 78 32 61 ) 3 10 ( 34 54 6 71 86 81 ) 44 ( 89 7 92 50 33 59 1 48 20 ) 43 70 37 87 ( 41 9 ) ( 56 4 ) ( 25 12 5 39 19 ) 
43: 31 ( 44 9 ) ( 96 25 18 68 ) 55 ( 56 85 ) 6 72 ( 11 12 ) 32 ( 57 81 45 15 ) ( 8 1 3 19 ) 63 ( 77 41 33 ) ( 40 82 ) 65 ( 49 58 61 ) ( 52 91 92 4 ) 86 
44: 18 37 86 25 ( 34 63 ) 56 ( 78 29 3 44 21 81 ) 
45: 50 ( 23 18 56 68 ) 5 ( 83 16 ) 51 ( 7 47 ) ( 37 32 85 72 48 12 70 67 45 ) ( 78 88 ) 1 ( 62 59 ) ( 91 4 81 63 ) 29 87 25 ( 82 2 14 54 ) 6 ( 3 34 11 ) ( 69 19 ) 
46: 34 58 69 23 4 ( 78 55 16 ) 70 
47: 61 ( 38 72 14 ) ( 65 41 ) 54 ( 37 51 5 34 24 68 56 ) 29 48 70 66 
48: 61 14 78 29 68 ( 31 52 75 87 ) 51 44 ( 58 7 ) ( 11 42 13 40 ) 62 96 ( 36 25 71 67 63 ) 19 ( 56 95 39 ) ( 50 4 12 ) ( 8 49 41 ) 
49: ( 1 58 14 ) 63 ( 37 61 ) ( 59 51 ) 70 92 49 ( 3 94 4 ) 81 32 40 48 86 82 ( 33 87 ) ( 65 34 24 13 ) ( 77 71 43 85 18 ) 62 ( 5 88 ) ( 8 80 ) 78 ( 56 67 84 ) 39 ( 25 72 12 19 ) 
50: ( 83 40 18 ) 5 ( 8 53 68 4 88 ) 
51: 71 ( 31 72 81 ) 76 4 16 ( 86 77 ) 56 ( 59 17 2 14 33 ) 34 43 32 
52: 49 85 48 ( 56 75 ) 96 61 ( 43 45 ) ( 82 5 ) ( 71 86 ) 38 ( 44 78 ) 33 54 ( 69 70 62 19 ) ( 12 67 ) 
53: ( 37 7 30 18 32 88 59 23 58 84 16 ) 33 51 ( 92 67 ) 83 14 ( 48 98 ) ( 71 50 ) 20 ( 77 28 12 40 ) 36 63 5 ( 44 78 19 ) ( 9 24 53 ) 
54: 13 51 ( 34 33 19 ) 45 ( 32 88 ) ( 78 29 54 68 ) 50 7 3 ( 48 72 17 ) ( 11 2 ) ( 98 57 85 4 15 ) 87 ( 43 37 18 ) ( 1 82 16 ) ( 77 8 70 ) 
55: ( 1 37 80 ) ( 88 19 ) 27 ( 43 68 ) ( 59 42 31 ) ( 33 87 ) 2 ( 7 30 ) ( 77 16 70 28 ) 
56: ( 45 92 ) 43 ( 11 52 98 3 68 39 ) ( 59 34 48 40 ) 25 ( 29 2 ) 67 56 81 ( 33 63 ) 4 ( 10 1 ) ( 8 14 ) 72 ( 16 69 ) 61 55 19 37 ( 12 91 15 ) 27 
57: 34 ( 85 63 ) 37 
58: ( 94 9 72 40 33 ) 67 43 ( 77 3 88 ) 75 ( 59 48 53 81 ) 14 63 69 ( 50 32 ) ( 83 56 ) ( 54 87 ) 85 ( 64 82 84 26 92 2 4 51 ) 
59: 43 72 41 ( 36 29 ) 15 80 18 ( 27 54 ) 19 34 51 ( 85 67 ) 
60: ( 27 15 ) ( 31 39 ) ( 72 1 ) 88 7 
61: 48 39 77 41 25 24 37 86 ( 38 26 44 29 14 15 ) 3 88 5 ( 1 67 84 12 ) 82 81 58 42 16 51 ( 65 71 72 73 ) 70 ( 52 45 ) 63 98 18 ( 56 2 87 ) 
62: 15 37 33 86 ( 32 58 ) ( 78 92 ) 
63: 11 25 40 70 ( 29 18 32 92 84 56 ) 16 62 ( 43 54 67 ) ( 50 5 ) ( 3 33 53 ) 96 12 ( 61 60 51 ) 17 72 ( 34 37 46 ) ( 2 48 63 ) 88 86 
64: ( 81 91 ) 
65: ( 86 85 ) 4 ( 41 70 45 ) ( 44 29 ) ( 3 61 ) ( 27 40 ) 25 ( 32 24 81 ) ( 83 11 88 ) ( 76 18 69 80 ) ( 96 98 53 66 ) 34 
66: 32 ( 56 2 ) ( 38 43 81 80 ) 41 57 ( 82 61 ) ( 86 15 ) 25 84 36 ( 65 76 67 45 88 ) 18 54 87 40 37 31 68 ( 11 51 ) 
67: 42 ( 54 63 ) 3 92 ( 58 32 91 ) 1 21 ( 64 84 69 70 50 ) ( 8 89 2 81 ) ( 56 14 27 18 ) 51 29 ( 65 73 67 ) 68 
68: ( 8 1 43 5 ) 63 40 50 ( 85 6 ) 15 3 55 ( 59 32 ) 81 ( 98 11 ) ( 29 56 2 ) 37 34 35 72 25 82 48 51 92 ( 49 73 4 ) 
69: 30 34 ( 94 72 ) ( 41 88 15 ) 18 9 ( 83 87 ) 99 3 ( 28 51 ) 82 ( 42 37 32 81 5 54 71 44 ) 40 78 ( 36 49 ) 68 ( 91 12 ) ( 48 45 33 ) 96 ( 63 70 ) 100 ( 62 61 4 73 67 ) 
70: ( 76 36 ) 77 ( 43 32 68 81 ) 
71: 2 55 32 ( 14 71 73 ) 19 74 8 34 25 38 ( 65 81 50 ) ( 67 40 ) 3 ( 18 87 ) ( 98 15 ) ( 37 72 56 ) 17 
72: 6 37 32 ( 84 19 ) 80 ( 55 69 ) 44 ( 25 14 ) ( 31 68 64 9 ) 56 50 
73: ( 1 49 51 ) ( 16 37 14 ) 2 ( 56 45 67 ) 19 31 41 ( 34 4 40 39 ) ( 59 68 94 ) 29 81 64 ( 43 78 ) 
74: ( 84 81 ) ( 44 78 24 1 42 ) ( 72 12 43 61 ) ( 86 67 ) 39 
75: 1 ( 78 10 82 16 70 88 ) ( 8 91 58 55 75 ) 29 ( 9 33 18 ) ( 68 63 ) ( 25 7 17 ) ( 65 67 5 ) 32 81 37 ( 92 50 40 39 ) 86 ( 34 85 ) 69 61 ( 59 24 73 3 71 ) 4 
76: ( 76 32 2 85 51 33 34 71 15 ) ( 65 69 4 ) 81 ( 79 67 ) 86 75 5 9 62 ( 28 54 3 ) 14 ( 25 63 ) 50 
77: ( 41 46 80 15 ) ( 66 32 34 81 ) ( 59 96 56 51 ) 39 ( 35 57 12 ) 
78: ( 83 18 ) 49 ( 65 30 ) ( 58 86 71 16 ) 55 ( 38 17 9 15 ) 32 ( 37 92 62 61 5 1 67 ) ( 76 39 ) ( 50 7 35 ) 14 
79: 25 33 14 63 5 44 ( 86 62 ) ( 18 3 41 50 ) ( 32 81 ) 67 31 58 
80: ( 59 29 58 63 ) ( 73 67 ) 
81: 9 19 ( 48 54 71 ) 4 8 ( 55 34 ) ( 85 36 ) 
82: ( 75 33 ) 14 39 15 ( 17 87 ) ( 3 92 63 ) 
83: 18 84 ( 48 34 70 ) 29 77 52 ( 35 42 72 ) ( 14 75 87 15 ) ( 25 89 ) 94 16 45 ( 68 44 ) ( 3 1 ) 32 78 ( 86 40 ) 88 
84: ( 66 43 32 45 63 ) 95 16 ( 35 1 ) ( 3 67 37 ) ( 9 54 21 70 50 87 ) 88 65 
85: 65 68 ( 82 50 ) ( 58 84 ) ( 3 29 ) 
86: ( 37 62 ) 49 
87: ( 8 67 ) 87 ( 78 34 98 12 ) ( 38 3 83 72 54 ) ( 58 91 ) 4 ( 76 81 11 26 19 15 ) 65 73 ( 50 51 ) ( 79 48 95 5 39 ) 
88: 45 34 ( 56 4 33 ) 23 83 24 71 ( 76 67 ) 59 94 ( 27 3 88 48 14 ) 37 ( 25 32 ) ( 5 49 ) 19 73 82 18 ( 31 63 39 ) ( 8 38 72 53 26 ) ( 44 80 40 ) 78 36 ( 15 58 ) 51 ( 84 74 ) 81 1 
89: 88 34 91 ( 56 32 58 28 87 ) 54 3 ( 77 49 6 14 15 ) 95 ( 41 94 ) 50 69 ( 31 51 ) 
90: ( 86 77 5 ) ( 37 68 22 14 85 63 15 ) ( 89 76 ) ( 43 35 29 33 19 ) ( 99 64 16 50 51 87 ) 
91: 39 34 92 88 ( 36 29 ) 56 47 ( 86 32 12 ) ( 49 37 18 ) ( 3 63 ) ( 1 72 19 ) 42 ( 35 51 ) 82 
92: 17 ( 34 33 ) ( 43 11 25 ) 88 ( 38 64 54 12 20 ) ( 69 72 ) ( 23 18 ) 15 ( 71 1 92 83 47 ) 68 56 
93: ( 94 73 81 ) 
94: 68 ( 11 96 41 56 88 ) 73 39 83 51 
95: 12 87 ( 77 11 81 ) ( 15 63 19 ) ( 3 5 20 ) 72 39 ( 65 56 ) ( 16 29 ) ( 85 80 51 34 67 ) ( 37 30 ) 49 ( 4 23 ) 59 ( 69 2 14 ) 73 25 40 43 ( 71 91 ) ( 32 33 ) ( 88 57 ) 55 ( 31 58 98 ) 48 
96: 54 34 1 ( 64 14 ) ( 42 2 ) ( 38 23 67 ) ( 37 81 ) ( 65 51 ) 32 36 50 63 6 19 41 48 ( 80 5 ) ( 3 4 ) ( 16 76 70 ) ( 40 9 ) 44 ( 25 18 ) ( 27 98 95 93 12 71 56 ) 49 68 
97: 86 27 3 ( 35 70 ) ( 78 76 ) ( 18 82 ) ( 56 44 42 87 ) 91 1 11 
98: ( 58 1 ) 82 18 32 12 65 92 ( 3 83 ) ( 29 14 ) 
99: 98 ( 73 86 44 14 62 ) ( 77 70 ) ( 31 88 ) ( 37 96 18 32 67 ) 9 ( 2 49 72 61 ) 48 ( 55 3 4 33 45 ) 36 ( 78 69 25 81 ) ( 34 17 40 ) 
100: 62 ( 86 87 ) 98 ( 34 96 6 40 ) 16 ( 65 77 2 50 5 ) ( 94 82 49 68 56 81 ) ( 42 75 ) ( 1 76 25 63 ) ( 30 61 72 71 70 67 15 ) ( 91 29 9 58 ) 33 
