1: 83 42 79 3 ( 61 85 80 63 50 98 97 14 70 ) 99 36 35 5 ( 77 56 ) ( 30 19 ) ( 73 49 ) 93 
2: ( 36 83 ) 47 9 56 80 
3: 10 ( 21 73 ) ( 66 91 40 51 ) ( 76 94 3 97 81 39 33 ) 18 99 ( 54 9 100 85 84 93 ) ( 24 29 63 ) 
4: 73 45 36 17 40 68 ( 32 79 ) 93 89 ( 24 78 75 34 ) 64 61 28 ( 29 84 56 42 60 ) ( 10 39 33 ) 86 87 80 99 9 66 77 71 ( 25 5 ) ( 41 2 51 ) 44 3 16 
5: ( 34 63 51 26 73 16 46 ) ( 40 28 ) 68 ( 99 79 82 60 87 5 86 24 94 17 44 ) 42 ( 89 29 32 ) ( 9 2 45 ) ( 47 39 ) 
6: 31 40 ( 9 83 93 44 82 88 87 ) 89 51 
7: 64 
8: 100 ( 18 17 41 ) ( 99 89 7 31 80 33 47 56 44 68 ) ( 55 13 25 73 40 ) 83 ( 90 9 ) 20 
9: ( 24 82 13 51 ) ( 83 72 ) 
10: 52 80 ( 74 82 45 5 ) 70 ( 24 79 ) ( 75 94 ) ( 59 60 25 ) 32 ( 73 51 ) 56 40 99 27 ( 9 100 ) ( 47 46 19 ) 55 ( 98 89 29 84 ) ( 95 69 ) ( 36 83 ) 18 ( 64 90 97 42 4 ) 
11: ( 16 49 10 ) 5 78 ( 75 29 ) 21 31 37 ( 47 12 71 44 40 51 ) 46 39 ( 70 33 ) ( 83 68 42 ) ( 50 55 52 48 ) 35 ( 79 45 ) ( 24 9 7 32 20 87 63 ) ( 92 28 ) 
12: 27 ( 55 33 ) ( 47 28 ) 30 10 ( 18 13 73 82 61 80 39 5 ) 14 ( 36 42 ) 
13: 63 50 47 68 61 6 ( 80 74 ) ( 49 93 32 81 45 33 ) 1 3 54 ( 56 5 ) 55 34 79 89 ( 92 42 84 ) ( 36 44 ) ( 24 7 70 52 ) 
14: 73 ( 44 79 ) 88 52 ( 36 33 13 94 2 68 ) ( 24 14 ) ( 1 45 ) ( 50 56 62 87 ) 35 57 ( 70 19 ) 47 60 ( 18 32 48 ) ( 10 5 ) 51 ( 74 26 ) ( 76 3 9 93 ) 58 
15: ( 47 3 81 5 ) 41 45 29 63 ( 60 84 ) ( 6 86 ) ( 9 56 22 82 70 37 ) 83 92 ( 85 87 66 ) 10 25 ( 23 97 ) 32 ( 61 49 ) 17 78 
16: ( 54 55 2 53 73 82 20 ) 74 ( 83 6 ) 50 80 52 63 45 ( 97 70 ) 
17: 36 
18: 41 ( 100 61 87 ) 
19: ( 89 82 81 60 94 68 22 10 ) ( 93 100 ) ( 77 84 ) 56 ( 24 47 85 88 ) ( 48 97 61 20 87 ) 25 ( 99 28 ) 
20: 75 ( 1 56 60 63 39 87 ) ( 41 70 86 ) ( 14 28 ) ( 93 5 ) 17 32 52 ( 98 68 12 73 ) 
21: ( 41 32 37 ) 24 ( 92 60 28 ) 42 20 10 44 ( 71 86 52 ) 
22: 52 44 55 47 ( 75 40 28 ) ( 98 69 25 87 19 ) 24 93 ( 70 66 ) ( 36 100 58 51 ) 50 ( 56 20 80 48 ) 68 ( 81 5 ) 73 
23: 86 68 
24: 24 70 61 ( 47 63 ) 38 100 ( 50 32 75 26 ) 29 67 ( 64 73 84 81 33 ) ( 17 27 ) 48 86 19 ( 55 83 10 39 ) ( 98 54 9 60 ) 7 ( 41 97 80 4 87 ) 
25: 12 48 ( 75 80 93 ) ( 74 54 47 78 71 32 ) 86 56 39 ( 10 29 ) ( 50 40 ) 51 65 45 ( 52 97 82 ) 17 35 73 ( 64 24 100 13 21 22 42 81 ) ( 55 76 ) 28 37 94 92 41 ( 6 87 ) 66 61 
26: ( 90 79 25 73 20 33 ) 
27: ( 24 78 44 68 97 87 ) 7 ( 26 10 ) ( 64 79 32 61 60 39 55 16 70 ) 74 33 ( 65 83 ) 58 ( 89 82 37 52 ) 
28: 88 ( 99 54 3 86 ) 56 25 ( 68 61 39 5 ) 18 ( 46 41 42 ) ( 35 73 45 ) 85 ( 12 80 14 ) 7 32 37 84 ( 76 89 2 26 ) 63 ( 50 79 93 75 70 ) 98 81 ( 52 21 71 60 20 10 ) ( 6 57 47 55 ) ( 17 97 ) ( 24 40 ) 28 ( 77 87 ) 
29: 44 ( 95 47 52 22 ) 39 18 56 38 48 ( 65 32 ) 50 ( 86 33 ) 97 68 100 60 11 ( 54 21 75 ) 4 30 5 29 3 ( 64 16 90 80 ) 79 83 ( 24 99 89 93 73 98 61 ) 6 87 7 55 36 42 ( 17 46 81 40 ) 10 20 
30: 50 48 63 ( 46 70 31 ) 9 ( 37 51 ) 89 ( 17 27 12 2 ) ( 76 54 47 93 5 86 ) 
31: ( 75 28 ) ( 70 47 66 ) ( 24 77 35 55 21 ) 42 ( 36 5 12 73 26 98 19 ) ( 16 96 51 ) ( 32 14 ) 81 30 97 93 ( 89 9 79 40 39 50 25 52 71 68 45 ) 
32: 21 94 ( 25 73 39 10 86 ) ( 13 28 ) 48 ( 75 17 5 ) 91 32 ( 65 9 58 61 33 ) 47 ( 99 84 ) ( 41 34 ) ( 76 55 ) 56 29 ( 31 22 ) ( 68 14 35 70 93 ) ( 36 89 ) ( 50 26 51 ) ( 98 79 80 40 ) 42 
33: ( 9 20 66 ) ( 86 42 ) ( 24 80 60 28 ) ( 7 94 ) 70 36 99 33 40 44 ( 10 100 ) ( 18 30 89 79 88 87 5 74 26 73 48 68 57 ) ( 71 6 35 39 ) 
34: 56 ( 99 1 83 ) ( 93 87 63 ) 9 39 ( 6 54 55 41 20 ) 24 ( 76 12 58 ) ( 47 75 81 86 ) ( 44 7 46 52 ) 28 32 38 18 68 ( 29 79 82 14 5 ) 80 ( 36 42 61 ) 10 ( 78 48 97 ) 50 19 40 92 17 ( 70 89 ) 
35: ( 76 61 5 33 ) 17 98 ( 36 54 93 ) 72 ( 6 25 68 44 70 80 10 ) 
36: 26 
37: 29 48 54 46 41 ( 93 51 28 ) 64 ( 32 60 2 ) ( 97 80 19 ) 84 87 ( 99 61 ) ( 92 36 44 81 40 ) ( 24 13 78 98 ) 10 
38: ( 60 9 42 ) 44 ( 46 40 20 ) ( 65 10 5 ) ( 28 69 39 ) 35 24 64 ( 31 90 97 81 ) ( 53 84 45 ) ( 17 71 93 ) 27 ( 50 55 92 22 61 80 ) 54 
39: 52 14 17 71 22 ( 46 29 ) ( 54 77 70 39 ) 45 ( 74 73 ) ( 95 87 ) 51 ( 50 75 ) 86 ( 47 28 ) 40 ( 36 25 ) ( 24 68 32 44 ) ( 18 9 79 21 61 5 ) 
40: 89 55 28 39 ( 29 26 ) 47 ( 68 32 81 73 ) ( 76 30 52 42 40 63 87 86 ) 48 ( 99 18 79 7 60 56 67 ) 10 93 ( 21 17 71 61 96 ) 37 24 ( 20 14 ) 36 41 ( 82 27 ) 33 31 44 45 97 
41: 84 ( 64 77 ) 73 2 78 35 
42: 74 ( 46 60 ) 28 20 88 ( 54 50 97 82 40 ) 10 ( 65 93 ) ( 47 68 ) ( 99 100 22 75 80 45 ) ( 35 25 32 ) ( 89 49 13 41 81 ) 
43: 75 81 ( 22 60 93 96 ) ( 24 50 6 2 41 ) 63 46 ( 61 10 ) 
44: ( 9 100 52 75 ) ( 36 40 63 5 86 47 83 46 45 ) 2 
45: 93 47 ( 41 71 74 79 ) ( 13 4 ) 21 63 73 35 5 87 98 89 
46: ( 42 75 ) ( 60 32 ) ( 89 23 ) 21 ( 93 86 ) 69 80 63 ( 37 52 5 48 ) 28 91 ( 16 68 ) 100 87 ( 41 18 ) 57 79 95 ( 76 10 ) 56 85 ( 35 13 ) 88 64 ( 99 74 12 ) 34 ( 47 40 ) ( 7 82 ) ( 36 26 ) 55 
47: ( 75 73 ) 89 18 100 ( 99 90 35 3 55 26 16 45 ) 2 ( 36 65 5 52 ) ( 81 93 ) ( 9 27 84 82 42 61 ) ( 92 31 7 ) 86 ( 47 54 ) 51 33 ( 76 39 ) 83 ( 29 79 37 87 71 56 97 10 ) 41 
48: ( 89 2 93 ) 95 
49: 86 ( 7 92 ) 45 ( 89 2 66 70 60 88 ) ( 98 44 ) 71 14 73 ( 76 99 50 ) 35 ( 61 63 29 ) ( 24 84 93 52 31 58 10 ) ( 30 47 25 78 28 ) ( 65 38 32 42 80 40 39 48 17 68 ) ( 100 81 ) ( 8 75 87 ) ( 9 55 33 ) 
50: ( 71 69 86 ) 5 63 44 70 ( 47 94 ) 21 85 ( 99 50 74 51 ) 1 ( 55 25 10 ) 79 12 58 87 ( 7 100 ) ( 56 68 39 ) 
51: ( 80 84 ) 26 ( 23 55 45 ) 31 ( 36 47 28 92 17 71 ) ( 7 32 ) ( 25 61 75 87 63 51 86 ) 89 44 93 
52: ( 99 54 97 80 87 51 ) 14 ( 88 45 ) ( 98 17 56 60 ) ( 18 28 ) 19 55 63 ( 33 52 ) ( 24 42 ) 95 47 
53: ( 56 42 ) 29 84 ( 98 73 ) 40 68 ( 38 87 ) 21 74 ( 46 39 ) 75 41 ( 89 97 70 25 ) 
54: 32 ( 24 44 58 ) 69 ( 71 67 ) 84 89 ( 53 26 ) 12 45 68 ( 64 40 ) ( 54 29 7 ) ( 41 22 ) ( 20 37 48 ) 80 ( 21 82 60 ) 79 ( 90 100 28 61 87 5 51 74 55 25 93 97 70 75 10 ) 73 17 6 
55: 80 21 63 
56: 5 
57: 12 10 ( 73 66 ) 60 33 ( 19 63 ) 35 ( 55 61 100 ) ( 76 39 86 74 49 47 64 9 79 3 50 93 84 21 75 ) ( 36 89 27 7 4 ) ( 70 44 5 ) 17 ( 59 97 40 87 ) 32 ( 69 95 ) 
58: 42 39 ( 17 71 60 72 ) 61 ( 24 13 38 ) ( 27 52 ) ( 18 76 9 82 80 87 51 55 26 21 68 70 58 ) 40 86 ( 84 22 19 5 ) 75 32 ( 29 35 ) 97 
59: ( 3 100 61 ) ( 18 28 42 60 40 39 51 49 70 10 ) 93 35 ( 24 45 ) ( 74 9 4 ) 48 ( 29 23 12 14 80 ) 5 ( 17 90 ) 71 ( 99 94 68 ) ( 47 2 ) ( 64 32 56 63 ) ( 81 78 ) 55 82 
60: ( 64 100 66 61 33 94 93 73 84 16 46 ) 80 41 12 ( 55 9 44 ) ( 47 68 14 39 ) 70 18 ( 89 6 90 79 28 98 81 45 ) ( 29 63 ) ( 50 2 5 ) ( 54 75 40 ) 
61: 44 ( 55 78 ) 71 47 ( 9 26 ) ( 30 17 32 61 51 ) ( 70 10 ) ( 72 82 ) ( 36 45 ) ( 18 52 14 75 80 ) 
62: 93 31 ( 26 87 ) 99 ( 18 54 35 21 68 39 ) ( 17 40 ) ( 94 83 2 ) ( 14 84 10 ) 82 28 80 89 47 
63: ( 58 86 ) ( 29 93 41 44 75 81 5 ) 1 97 36 87 64 35 79 55 51 28 ( 99 47 3 68 80 ) 69 ( 65 27 98 21 40 63 ) 
64: ( 75 79 ) ( 92 80 32 ) ( 3 29 55 ) ( 95 47 66 ) 33 ( 65 44 87 ) 74 ( 64 83 14 ) 52 
65: 73 20 ( 74 89 1 ) 68 17 
66: 27 28 26 20 66 ( 46 39 ) ( 24 41 ) ( 75 60 ) ( 30 5 ) 6 ( 36 89 74 40 86 ) ( 55 82 ) 12 76 
67: 70 ( 41 44 26 ) 80 47 ( 76 100 58 ) 71 ( 36 55 10 ) 32 45 ( 7 2 ) ( 9 42 28 ) ( 38 5 ) 61 52 ( 64 84 17 92 43 75 60 ) ( 24 98 8 39 ) 78 
68: 35 47 61 ( 29 82 75 ) ( 36 60 86 ) ( 27 32 81 85 39 49 95 25 21 69 45 ) 
69: ( 99 77 ) 9 6 ( 85 7 ) ( 1 97 55 51 ) ( 32 27 81 93 86 ) 73 87 ( 89 82 63 52 ) ( 24 19 10 ) 
70: 46 ( 21 18 10 93 ) 32 9 17 ( 99 24 95 86 ) 68 ( 42 80 84 52 ) ( 89 12 98 71 ) ( 35 79 27 7 82 40 87 39 50 97 ) 
71: 75 
72: 81 8 31 ( 100 66 88 87 68 44 ) ( 36 41 97 ) ( 14 61 75 39 51 ) ( 85 78 42 ) 83 ( 65 47 55 ) ( 64 35 52 80 5 ) ( 50 6 69 70 26 ) ( 25 93 21 ) ( 24 16 2 ) 40 
73: 55 71 51 ( 30 42 47 ) 38 34 31 ( 41 86 ) ( 74 44 40 39 5 ) 35 ( 24 29 2 63 ) ( 77 26 ) ( 3 10 ) 88 14 91 93 ( 100 95 27 84 81 80 ) 32 70 ( 56 9 ) ( 68 45 ) 48 
74: ( 99 97 39 ) 
75: ( 36 29 93 ) 98 4 89 
76: 14 ( 36 3 ) ( 74 49 17 67 70 39 ) ( 22 75 5 ) ( 42 80 26 84 ) ( 7 55 40 ) 73 ( 89 79 32 91 86 47 52 10 ) 
77: 24 71 ( 47 80 48 ) 17 
78: ( 18 94 73 82 ) ( 80 48 ) 55 63 ( 47 13 93 45 5 ) 39 
79: ( 66 41 42 60 44 14 69 70 10 ) ( 55 17 ) ( 68 19 ) ( 76 24 45 ) ( 47 83 26 57 80 ) ( 35 61 ) ( 81 73 ) ( 40 9 100 ) 33 89 37 62 
80: ( 19 28 ) 55 68 79 ( 70 83 26 ) ( 61 58 38 48 ) 41 66 ( 89 32 82 80 88 ) 54 ( 47 87 ) 
81: 40 84 86 ( 44 42 7 ) ( 99 29 27 98 88 ) 79 38 ( 3 83 48 ) 20 55 ( 21 58 73 93 ) ( 100 52 ) 24 5 10 ( 41 22 ) ( 18 78 26 82 81 ) 
82: ( 92 56 44 69 80 ) 31 ( 99 28 3 85 61 86 67 46 ) ( 13 60 10 39 ) ( 55 15 ) 94 82 51 ( 21 71 ) 30 ( 74 47 93 52 41 58 ) 
83: 51 41 ( 70 40 87 ) 64 99 65 ( 79 16 10 5 ) 35 ( 29 75 ) 36 ( 45 57 ) 9 ( 21 76 56 84 ) 47 14 ( 73 32 93 ) ( 71 80 28 ) 39 
84: ( 68 80 26 ) 7 ( 65 73 ) 44 ( 98 100 ) 
85: 2 65 3 ( 90 24 74 50 12 47 55 93 73 ) 46 ( 89 86 45 ) ( 54 78 98 32 70 10 ) ( 84 28 75 ) 14 87 7 ( 29 9 ) 49 48 ( 68 52 ) 88 76 39 97 ( 21 85 ) 
86: 98 1 ( 85 87 ) 75 2 51 ( 80 86 ) 22 9 29 78 10 69 73 93 24 63 ( 7 32 ) 40 79 ( 39 28 ) ( 44 42 ) 27 
87: 85 ( 56 93 ) ( 28 41 32 81 39 63 74 25 ) 
88: ( 41 27 ) ( 24 6 93 14 63 87 33 ) 4 30 8 52 ( 80 78 ) 88 ( 9 23 ) ( 42 61 13 ) ( 10 79 ) 47 
89: 19 ( 79 38 33 ) ( 6 47 83 32 20 ) 30 ( 81 26 ) 34 48 ( 99 18 80 ) 51 28 ( 56 61 40 63 ) ( 12 2 58 ) ( 35 85 75 78 ) 5 ( 94 93 3 ) ( 24 16 39 73 10 66 ) 86 29 36 49 87 ( 55 42 ) 46 68 74 17 89 70 
90: ( 61 33 ) 78 84 ( 74 42 37 ) ( 21 44 97 20 ) ( 16 56 ) ( 24 50 5 ) 73 ( 35 55 45 28 ) ( 70 87 ) ( 99 89 1 47 93 68 51 ) 40 ( 79 26 98 22 14 69 10 ) 36 39 29 
91: 61 27 ( 32 55 20 38 39 ) 87 ( 16 72 86 ) 
92: ( 80 86 ) 51 ( 98 55 27 ) 46 ( 99 48 ) 
93: 56 70 9 27 ( 21 36 47 ) ( 52 97 58 63 ) 44 24 42 46 ( 99 68 32 55 ) 39 100 81 71 29 ( 79 94 40 ) ( 18 13 73 75 86 51 ) 49 77 6 64 76 61 ( 35 7 93 87 5 ) ( 65 20 80 66 28 ) 41 ( 89 33 ) 82 ( 37 8 ) 74 
94: 26 ( 98 24 59 97 ) ( 14 42 ) 10 40 ( 30 87 ) 12 ( 1 56 7 ) 69 37 ( 70 80 ) 92 39 28 22 48 5 29 9 36 18 ( 76 50 ) ( 27 20 ) ( 57 61 ) 73 ( 44 15 ) ( 54 75 ) 89 35 ( 60 32 ) 79 ( 99 68 81 95 ) ( 74 47 94 53 84 71 85 33 ) 46 
95: 68 ( 24 89 29 55 82 40 39 ) 86 ( 3 22 85 13 ) 71 51 97 21 70 99 6 7 ( 35 87 84 96 56 67 ) 47 ( 12 63 ) 
96: ( 47 7 ) 14 62 ( 21 61 ) ( 93 42 ) 26 ( 34 5 ) ( 99 6 55 73 28 3 68 88 ) ( 44 38 ) 50 ( 95 66 82 75 ) 10 85 ( 81 71 ) 89 ( 80 40 33 ) 46 ( 24 54 90 32 69 70 60 ) 35 18 ( 39 56 ) 
97: 14 ( 7 20 ) 99 29 
98: 74 ( 36 90 100 78 28 17 71 ) 6 86 ( 18 9 66 42 46 ) ( 16 77 56 68 ) 69 ( 82 87 ) 
99: ( 1 83 68 97 80 ) ( 17 55 61 40 ) 54 ( 70 84 ) 99 74 63 89 24 ( 20 35 ) ( 3 8 47 78 ) 26 ( 79 82 51 ) 21 95 ( 44 88 33 ) 25 ( 98 42 10 28 ) 
100: 98 71 75 24 ( 99 32 20 ) 44 48 ( 90 28 ) ( 88 38 66 93 ) ( 97 87 ) 

1: ( 86 69 ) 99 ( 65 94 90 50 ) ( 34 13 14 ) 20 63 
2: 41 47 72 60 ( 59 85 ) ( 86 49 28 4 30 ) ( 37 44 ) ( 16 14 ) ( 5 73 ) 67 43 62 89 48 
3: ( 81 73 ) 13 99 ( 82 28 95 57 85 63 ) ( 59 89 76 96 47 ) 3 ( 29 14 ) 15 64 1 4 
4: 57 88 59 10 ( 45 24 ) 29 75 
5: ( 32 5 10 94 83 12 66 57 ) 78 72 ( 50 63 39 59 73 56 67 15 ) 34 4 ( 44 45 ) ( 35 76 29 13 28 54 90 ) 20 46 ( 89 81 ) ( 47 58 ) 33 96 1 ( 38 30 31 60 11 93 14 22 ) 
6: ( 29 28 96 15 ) 89 ( 43 98 ) ( 35 66 16 33 ) 95 60 93 ( 34 72 13 54 69 88 ) 25 
7: ( 11 34 49 54 70 ) ( 76 28 84 51 ) 93 ( 50 96 47 ) 57 94 ( 33 46 ) ( 8 97 ) ( 13 29 ) ( 27 95 86 69 ) ( 24 85 40 ) ( 81 67 ) 
8: ( 49 88 93 ) 67 72 99 
9: 67 5 ( 79 85 33 49 15 ) 98 ( 59 34 57 61 ) ( 44 2 58 ) ( 10 73 ) ( 38 3 69 70 4 ) 93 88 30 60 ( 8 94 11 24 83 47 86 32 14 39 ) 6 31 
10: ( 27 38 ) 42 90 ( 76 33 ) 82 ( 28 35 ) ( 14 83 ) 12 ( 21 94 50 ) ( 47 43 32 46 85 15 ) ( 11 70 49 ) 62 54 ( 57 40 24 ) ( 69 29 37 4 88 ) 81 34 79 ( 89 86 ) 96 ( 99 61 73 ) 19 59 ( 67 25 ) 3 
11: 29 
12: ( 34 28 31 70 46 ) 60 ( 57 85 ) 11 94 30 ( 25 59 50 ) ( 89 54 ) 20 95 66 
13: 95 ( 8 82 58 25 37 12 ) ( 78 9 42 32 88 93 46 14 ) 45 
14: ( 31 40 ) 1 39 ( 79 64 90 88 34 73 97 20 ) 14 94 ( 59 96 28 85 ) 61 ( 32 60 12 ) 76 52 49 72 83 62 
15: ( 94 82 ) 
16: ( 47 31 ) 83 ( 72 46 90 5 60 ) ( 11 98 91 4 ) 27 ( 89 29 ) 
17: ( 8 65 38 35 98 51 39 34 24 70 ) 62 52 ( 57 58 ) 61 ( 77 5 ) 28 20 79 40 15 49 ( 99 29 ) ( 59 30 ) 32 ( 67 25 ) ( 89 76 54 4 ) 
18: 47 59 98 ( 94 29 28 96 61 ) ( 3 14 34 ) ( 78 40 ) 39 58 62 93 ( 8 10 52 12 60 ) 70 89 33 81 46 
19: ( 34 79 22 37 ) 10 ( 89 58 ) 52 31 ( 69 57 1 14 ) 24 80 
20: ( 90 19 ) ( 65 99 11 28 93 97 33 ) 42 ( 66 89 40 ) ( 8 34 54 26 21 ) ( 38 16 22 ) 100 29 91 94 81 
21: 96 40 ( 11 58 55 ) 63 ( 57 83 50 45 ) 29 ( 99 72 53 32 ) 25 90 82 ( 3 28 ) ( 95 85 ) 81 39 ( 70 93 ) 62 ( 54 46 ) 31 68 
22: ( 76 42 ) ( 29 32 90 81 58 25 95 54 43 ) ( 94 39 ) 38 ( 19 15 ) 86 
23: ( 15 46 ) 88 ( 59 51 ) 
24: ( 10 94 24 81 ) 21 ( 100 99 38 28 59 11 43 67 19 ) ( 86 34 ) ( 14 70 ) 88 ( 77 89 29 4 90 33 52 13 54 66 ) 27 ( 25 73 ) 3 ( 5 58 ) 39 49 9 ( 31 69 ) 96 ( 22 85 ) 95 ( 79 37 72 93 40 ) 
25: 49 ( 8 72 31 22 39 ) 35 54 ( 68 26 10 ) 28 19 ( 99 42 32 4 50 51 87 53 15 ) 
26: 54 46 ( 31 27 ) 84 ( 99 79 58 76 ) 94 ( 96 40 51 ) 62 ( 89 36 28 32 61 81 80 24 47 73 66 ) 5 90 72 ( 67 14 33 ) 
27: 86 92 40 ( 68 10 47 63 ) ( 66 58 12 ) ( 94 57 ) ( 38 91 81 ) ( 24 30 73 70 88 ) 69 93 
28: 60 62 ( 100 98 ) 90 52 34 59 ( 99 25 ) 49 93 ( 66 19 ) 54 38 ( 89 83 5 ) ( 37 33 ) ( 31 46 ) 80 ( 11 28 85 20 ) ( 86 96 4 12 ) ( 42 22 ) 94 ( 32 82 87 ) 40 ( 21 39 ) ( 67 51 ) 63 
29: 24 5 ( 32 63 59 49 95 53 93 ) 11 ( 4 81 15 ) 90 85 73 68 34 ( 3 75 ) 64 ( 40 60 ) 97 89 ( 94 29 25 39 ) 86 37 54 ( 10 58 83 47 ) 
30: ( 73 12 ) ( 89 94 ) 82 61 31 ( 29 66 ) 1 49 ( 33 40 ) 88 
31: 73 ( 62 72 ) 6 40 ( 8 11 82 30 32 51 ) ( 49 47 ) 38 
32: 69 ( 21 70 ) 15 80 ( 46 39 ) ( 10 24 96 86 32 4 51 ) ( 76 64 13 73 93 91 ) ( 25 27 31 40 87 ) ( 59 34 94 ) 89 ( 14 5 ) 37 85 11 ( 49 29 ) ( 68 20 ) ( 100 42 28 61 58 83 54 57 67 ) 
33: ( 26 49 ) ( 32 40 88 11 47 ) 24 ( 99 93 ) ( 3 79 ) 89 ( 8 27 90 60 ) 64 52 ( 35 29 14 ) ( 94 96 33 ) ( 57 13 ) ( 4 12 ) 
34: 89 96 ( 73 5 ) 13 4 32 46 
35: ( 14 99 ) 46 25 ( 59 58 95 33 ) 38 32 ( 79 93 68 ) ( 57 94 96 83 ) 89 11 ( 42 73 ) 31 ( 70 90 ) 45 1 62 47 ( 41 63 ) ( 49 72 28 ) 
36: 40 4 66 83 35 ( 89 68 29 13 47 ) ( 72 90 ) ( 10 57 67 75 ) ( 94 61 51 33 ) ( 17 76 14 98 ) ( 44 34 37 93 63 ) ( 31 39 ) ( 1 12 32 2 46 22 ) 
37: ( 27 21 79 ) 94 ( 28 90 40 ) ( 30 11 25 47 54 93 46 15 ) 
38: 53 89 100 91 24 ( 49 67 81 73 ) 80 96 58 ( 34 29 ) 
39: 20 ( 31 68 67 85 39 ) 40 50 ( 66 89 ) 96 74 49 ( 38 11 76 ) ( 3 72 83 5 ) 57 ( 91 47 60 87 ) 29 ( 32 53 ) 95 24 ( 78 28 27 93 86 4 33 ) ( 59 94 73 ) ( 82 90 ) 70 12 ( 62 25 ) 58 34 
40: ( 89 10 ) ( 38 29 95 73 60 ) ( 3 46 ) ( 59 8 79 94 25 70 22 33 ) 11 6 66 40 53 31 ( 76 37 28 83 ) ( 96 86 44 62 4 ) ( 58 42 32 63 ) ( 57 54 39 ) ( 34 90 5 ) 99 81 ( 72 49 93 ) 
41: ( 40 93 15 ) 43 46 53 67 ( 79 18 32 81 80 88 87 66 20 ) 24 ( 34 82 72 47 ) 45 83 73 ( 37 60 ) 4 ( 8 42 28 54 63 ) ( 21 25 ) 
42: 86 ( 49 46 52 ) 4 89 ( 34 72 53 32 ) 33 70 21 99 ( 79 76 25 93 ) 67 ( 94 81 ) 40 29 ( 58 12 ) 10 ( 59 38 ) 5 ( 13 47 90 98 ) ( 11 31 ) ( 88 73 ) 1 ( 96 28 ) 
43: 67 
44: 63 ( 96 4 ) 27 39 14 86 90 29 57 ( 61 54 ) ( 8 93 ) 94 84 ( 67 22 40 ) 72 ( 79 6 50 ) 37 ( 100 49 ) ( 99 34 64 5 ) ( 13 60 51 ) ( 35 11 21 33 ) 73 38 81 82 
45: 83 60 42 61 4 ( 59 90 ) 51 ( 49 31 ) 5 85 47 67 28 ( 14 38 39 ) ( 78 79 40 10 54 ) 13 16 ( 25 52 73 ) ( 44 11 ) ( 68 15 ) 
46: 93 ( 89 38 ) 53 ( 29 28 ) 43 66 60 30 39 ( 96 37 ) ( 10 94 11 82 42 5 ) ( 34 92 ) ( 44 70 98 ) 85 
47: 51 76 ( 52 95 ) ( 64 25 ) ( 28 42 12 2 90 ) ( 13 47 ) ( 34 39 ) ( 78 73 68 57 ) 32 77 30 ( 61 49 ) ( 22 5 40 88 ) 14 ( 62 19 ) ( 8 29 31 ) 80 ( 96 24 ) 93 67 44 59 ( 89 99 60 63 10 94 11 46 15 ) ( 79 83 50 85 45 ) ( 72 82 ) 
48: 92 ( 89 33 19 ) ( 59 40 ) 24 30 49 ( 34 81 ) ( 25 80 54 ) ( 77 78 11 94 ) 100 ( 32 14 73 ) ( 22 37 ) 29 85 46 
49: ( 89 42 59 11 1 13 93 57 15 ) 76 85 68 
50: 1 ( 13 72 22 ) ( 34 30 32 57 ) 60 90 49 28 16 38 39 96 43 24 ( 11 85 50 ) 29 94 25 ( 31 42 ) ( 14 70 ) 
51: ( 89 32 63 39 59 72 95 ) 6 ( 11 50 47 5 ) 10 ( 99 69 52 ) ( 22 51 ) ( 82 3 92 14 ) ( 83 61 ) 86 ( 9 37 25 ) 4 31 30 ( 58 54 90 ) 93 73 
52: ( 76 64 25 72 69 46 20 ) 47 ( 21 49 ) ( 52 28 14 22 85 39 ) ( 31 81 88 ) 70 ( 16 40 ) 29 93 27 ( 11 82 ) ( 67 58 ) ( 61 10 ) 34 ( 44 13 ) 
53: 38 ( 94 16 54 ) 
54: 30 13 ( 99 34 52 47 3 85 ) 39 28 62 35 16 ( 24 29 42 80 ) 60 94 ( 96 25 ) 38 54 37 
55: 66 ( 8 34 64 72 52 61 80 40 ) 12 ( 91 90 ) 59 ( 50 63 25 73 57 46 ) ( 99 28 85 10 58 47 67 ) ( 96 32 22 51 ) ( 38 79 29 27 31 49 82 54 ) ( 76 24 13 95 93 81 60 ) 11 ( 89 69 16 92 ) 78 
56: 83 ( 89 8 32 4 90 40 1 47 46 14 ) 52 34 95 ( 96 22 50 15 19 87 ) ( 10 82 13 93 73 ) 98 ( 59 29 28 53 ) ( 94 2 25 20 ) 
57: 28 33 ( 94 79 83 14 ) 46 
58: 82 49 ( 63 34 58 67 14 22 ) 89 27 54 81 ( 93 32 50 80 ) 
59: ( 10 94 ) 57 
60: 96 33 ( 20 54 ) 66 42 27 ( 10 21 58 24 14 ) 4 40 ( 57 67 ) 37 ( 68 15 ) 49 43 46 29 52 ( 79 5 ) ( 59 38 82 ) 94 19 28 
61: 80 29 40 ( 28 93 4 19 ) ( 57 91 ) 68 ( 27 47 ) ( 24 67 60 ) 37 32 59 ( 34 1 ) 51 ( 89 79 82 ) ( 13 18 ) ( 35 58 96 39 ) ( 99 72 54 43 61 15 ) 49 90 ( 25 12 ) 94 38 88 
62: 96 ( 79 14 ) 
63: ( 89 69 50 95 ) 30 13 63 20 ( 59 15 ) 16 99 ( 55 45 60 40 ) ( 28 3 43 5 ) 78 93 24 ( 34 87 ) ( 44 88 ) 51 46 ( 86 73 ) ( 57 1 ) 52 49 11 
64: 27 ( 37 83 67 46 4 ) 60 57 64 93 ( 59 72 7 54 ) ( 29 24 25 ) ( 10 38 ) 63 41 
65: 25 47 ( 38 72 84 93 ) ( 42 27 ) 64 63 85 ( 49 83 ) 32 29 
66: ( 89 60 ) ( 4 80 ) ( 57 64 98 ) ( 96 25 ) ( 66 31 49 33 ) ( 3 72 93 ) 15 22 100 79 
67: ( 76 24 82 95 40 ) 54 
68: 31 93 ( 89 13 ) 90 49 27 ( 79 94 53 ) ( 96 4 20 ) ( 23 50 ) ( 99 40 ) ( 11 54 22 60 ) ( 65 95 ) ( 34 70 5 ) 29 ( 98 32 73 ) 8 ( 42 80 ) 58 ( 84 85 33 63 19 ) 39 ( 59 46 72 ) 35 ( 14 28 62 ) 
69: ( 79 50 94 54 68 57 46 ) ( 22 96 ) ( 86 72 90 ) 10 38 ( 82 98 ) 63 
70: 54 ( 33 39 ) ( 61 34 ) 20 95 ( 1 76 ) ( 89 58 28 ) ( 79 24 13 15 ) ( 16 90 ) ( 30 93 ) ( 59 11 96 ) ( 10 83 50 ) ( 72 57 ) 35 80 32 ( 99 27 22 ) ( 85 94 53 ) 67 ( 31 49 ) ( 14 60 ) 73 
71: 70 ( 83 4 ) ( 94 95 93 67 50 ) 47 ( 49 58 96 51 39 ) ( 38 11 ) ( 31 59 40 ) ( 21 82 ) ( 54 98 73 ) ( 100 77 28 61 ) 45 ( 25 33 ) 
72: 35 ( 9 58 91 61 ) 
73: 41 28 60 ( 8 29 45 40 ) 57 49 ( 12 3 32 85 ) 26 ( 76 83 ) 84 4 79 39 ( 31 94 93 ) ( 47 86 22 14 ) ( 69 25 96 ) 89 5 10 ( 78 24 1 53 16 81 ) 54 ( 65 90 33 ) 20 
74: ( 94 46 ) ( 10 73 ) 25 ( 45 53 ) 76 ( 89 66 16 14 87 ) 85 ( 50 27 ) ( 64 42 57 39 ) 82 54 90 59 ( 65 99 13 98 93 33 ) 
75: 11 24 ( 71 42 ) ( 34 94 28 39 63 ) ( 31 67 46 ) ( 64 83 ) 10 61 49 72 60 22 ( 76 20 ) 29 ( 100 44 25 ) 43 32 96 ( 66 47 53 ) ( 85 93 ) 54 ( 86 4 51 ) 68 ( 89 57 58 ) 
76: ( 49 85 93 ) 3 35 ( 83 28 57 67 14 ) ( 66 30 ) 79 58 94 32 ( 46 47 ) 40 34 25 
77: ( 69 1 ) ( 41 39 93 ) ( 28 98 73 31 4 19 ) 
78: 15 ( 25 98 86 4 ) ( 89 27 61 90 ) 59 ( 49 67 ) 99 ( 41 11 34 88 ) 81 ( 72 85 ) 37 
79: 57 76 ( 54 31 90 ) 99 ( 1 29 81 5 ) ( 34 13 28 32 33 ) ( 10 50 40 ) ( 26 94 93 ) ( 60 63 ) 83 ( 11 47 70 46 14 ) ( 89 64 27 86 4 88 80 39 45 ) 
80: ( 96 84 ) ( 78 13 25 ) 67 77 35 ( 38 24 28 70 ) ( 89 10 2 64 76 ) ( 94 49 1 54 63 ) 88 62 ( 4 61 33 51 80 82 93 16 ) 86 ( 79 34 29 42 55 32 46 60 ) ( 83 12 ) 22 ( 92 52 ) ( 8 58 72 ) ( 99 37 ) ( 59 73 ) 
81: 3 ( 59 49 87 ) 42 29 ( 94 13 81 ) ( 96 79 15 ) 47 22 ( 25 40 ) 60 89 ( 37 28 73 93 43 68 19 ) 38 63 24 ( 31 69 34 72 ) 
82: 68 ( 99 9 12 93 70 15 ) 61 ( 78 69 40 ) 19 ( 16 34 ) ( 59 82 27 6 46 62 ) 47 ( 25 10 ) ( 66 5 80 ) ( 96 42 98 81 ) 95 ( 58 54 ) 
83: ( 11 9 ) 44 ( 81 16 ) ( 34 29 1 72 ) 6 10 15 ( 8 2 47 ) 27 99 62 ( 80 79 ) 89 64 24 
84: ( 85 19 ) 90 ( 41 73 ) ( 38 99 70 53 ) 13 ( 4 76 ) ( 28 94 49 67 15 ) 24 ( 10 57 ) 95 62 51 ( 58 54 81 60 ) 3 47 37 ( 32 83 ) 
85: ( 94 28 19 ) 69 95 50 ( 96 87 ) ( 46 85 ) 15 ( 3 82 ) 1 68 ( 89 86 72 ) 
86: 28 32 ( 34 57 ) 51 86 91 ( 29 81 ) 40 ( 21 63 ) ( 82 4 ) ( 50 5 ) 20 24 ( 98 76 ) ( 66 58 25 47 ) 44 85 ( 95 73 92 46 39 15 ) ( 68 70 49 ) 33 ( 89 23 30 93 69 ) 
87: 24 ( 72 85 47 98 ) 15 25 18 ( 63 29 ) ( 27 5 ) ( 49 37 14 95 ) 39 ( 45 54 ) ( 89 91 28 80 ) 22 34 ( 100 94 69 4 6 ) ( 70 90 ) 53 ( 57 33 ) 93 20 ( 64 83 88 ) 58 ( 52 86 50 40 ) 11 19 ( 46 62 51 ) 
88: 72 ( 42 96 52 14 ) ( 99 6 80 73 46 ) 49 19 88 ( 28 85 33 ) 100 81 
89: 99 27 ( 95 6 30 ) ( 65 76 32 4 5 94 96 ) 90 31 34 ( 46 60 ) 57 ( 54 51 ) 85 33 70 53 ( 47 93 40 19 ) 89 10 ( 48 80 ) 8 28 69 45 29 ( 13 75 ) ( 42 79 ) ( 66 62 ) 49 
90: 47 ( 59 54 ) ( 38 26 85 60 ) ( 10 98 ) 29 96 100 8 
91: ( 3 46 ) ( 32 76 73 ) 
92: ( 94 11 34 64 13 21 51 ) 37 ( 25 47 ) ( 38 49 82 ) 67 15 
93: ( 38 28 ) ( 59 100 29 47 54 6 ) ( 96 30 82 ) 81 22 ( 57 70 60 51 ) 40 25 ( 78 42 32 85 45 ) ( 46 93 ) ( 37 34 ) 86 ( 49 72 88 ) ( 43 73 ) 63 1 69 ( 3 13 62 4 ) 35 ( 75 90 20 ) 87 14 ( 89 48 83 31 19 ) 
94: ( 89 82 25 93 60 ) ( 3 10 5 ) ( 59 32 19 ) ( 62 78 ) 14 ( 50 33 ) 94 
95: 99 29 70 ( 10 94 64 96 ) ( 68 57 ) 46 39 ( 52 48 73 ) 
96: 95 ( 43 40 ) 31 
97: 85 57 ( 3 58 ) ( 28 70 ) 52 ( 38 24 25 27 90 ) 16 40 ( 10 42 54 ) ( 53 19 ) ( 29 15 ) ( 100 37 63 34 74 ) 31 ( 69 93 ) 99 72 ( 1 95 ) ( 94 47 ) 
98: 32 10 1 ( 35 24 53 85 45 ) ( 100 99 29 28 86 60 63 94 49 52 84 22 ) ( 20 67 ) ( 70 37 75 90 ) 92 ( 31 81 ) 
99: 50 ( 52 70 46 19 ) 100 62 37 ( 10 93 32 97 ) ( 5 63 ) 47 42 ( 29 49 ) 81 92 90 ( 89 59 ) 94 ( 99 34 82 1 ) ( 28 4 69 ) 96 40 ( 95 74 ) 8 33 ( 3 83 ) 
100: 47 ( 22 46 ) 10 84 93 44 59 ( 3 60 ) ( 73 18 ) 25 ( 81 67 ) 79 42 ( 8 29 50 49 72 19 ) 57 98 ( 24 33 54 ) 
