1: 553 972 195 
2: 546 681 45 
3: 948 710 565 ( 355 924 ) 
4: 
5: 743 121 
6: 
7: 
8: 527 
9: 
10: 785 184 
11: 516 424 708 
12: 876 291 635 
13: 768 423 718 124 
14: 252 355 
15: 
16: 715 409 494 
17: 932 
18: 712 96 598 ( 403 274 ) 
19: 
20: 887 
21: 500 698 ( 39 801 ) ( 657 922 ) 207 
22: 966 591 154 904 47 520 
23: 748 409 566 281 417 490 
24: 756 383 92 351 130 
25: 972 315 125 
26: 293 844 210 
27: 324 194 ( 572 498 ) 567 
28: 729 898 356 
29: 43 722 84 669 806 895 
30: ( 306 469 ) 
31: 291 664 87 326 
32: 305 927 118 
33: 756 
34: 826 ( 310 408 ) 965 328 
35: 550 
36: 620 675 225 
37: 397 
38: 320 
39: 
40: 404 171 ( 664 239 ) 167 723 
41: ( 806 365 ) 
42: 735 
43: 842 691 
44: 264 796 239 868 
45: 
46: 309 ( 654 530 ) 
47: 260 613 587 
48: 140 913 357 
49: ( 228 198 ) 660 311 548 
50: 19 
51: 307 933 587 
52: 917 
53: 572 408 424 
54: 722 ( 384 528 ) 
55: 
56: 312 657 214 
57: 72 770 396 5 
58: 527 948 893 100 
59: 358 
60: 367 721 120 565 
61: 
62: 852 690 36 608 499 49 
63: 848 740 ( 626 892 ) ( 669 550 ) 
64: 902 
65: 
66: 
67: 
68: 12 36 
69: 983 104 768 272 
70: 816 45 
71: 211 432 193 771 419 229 
72: 137 101 199 
73: 597 159 364 860 
74: 333 933 138 
75: ( 334 692 ) 560 375 689 
76: 472 ( 751 550 ) 664 423 955 
77: 193 881 902 
78: ( 306 325 ) 
79: 427 703 
80: 182 835 
81: 214 303 282 
82: 235 417 
83: 428 821 675 269 
84: 781 821 284 500 62 470 658 
85: 304 472 945 125 497 130 203 192 
86: ( 922 993 ) 163 
87: 782 31 
88: 216 307 858 
89: 634 45 
90: 
91: 462 39 134 
92: 211 ( 629 965 ) 573 
93: 188 624 410 
94: 186 796 
95: 308 743 271 842 831 
96: 774 
97: 476 148 ( 903 995 ) 10 
98: 212 
99: 867 
100: 757 
101: 866 833 134 510 854 
102: 129 130 424 745 ( 263 347 ) 
103: 876 
104: 
105: 762 798 
106: 958 246 756 444 515 192 
107: 
108: 254 
109: 
110: 761 108 ( 158 346 ) 106 204 
111: 681 92 262 
112: 933 506 580 
113: 426 684 713 647 
114: 736 801 315 
115: 222 967 663 
116: 70 
117: 585 
118: 235 898 
119: 729 1 775 580 
120: 114 6 ( 506 301 ) 
121: ( 276 563 ) 
122: 
123: 975 
124: 953 
125: 847 796 328 
126: 20 950 
127: 81 859 946 950 
128: ( 159 181 ) 308 
129: 
130: ( 30 214 ) 62 
131: 917 275 573 263 290 
132: 210 191 685 277 
133: 413 
134: 919 79 660 499 
135: 860 216 
136: 596 473 676 164 
137: 733 330 962 917 ( 596 490 ) 641 
138: 917 657 
139: 651 352 177 
140: 710 ( 133 679 ) 172 
141: 
142: 768 452 
143: 285 195 
144: 500 439 944 
145: 58 39 535 323 927 155 809 
146: 444 410 
147: 361 319 763 
148: 826 399 494 70 215 537 
149: 197 626 
150: ( 71 78 792 ) 318 
151: ( 721 767 ) 
152: 524 872 497 
153: 797 53 717 269 737 929 568 
154: 647 41 899 ( 729 875 ) 664 395 660 
155: 
156: 
157: 803 247 
158: 282 
159: 717 383 182 ( 243 409 ) 
160: 567 263 650 223 155 
161: 184 295 114 773 
162: 996 
163: 707 678 134 103 
164: 191 5 903 
165: 
166: 246 305 
167: 457 
168: 39 389 
169: ( 397 692 ) 
170: 292 458 
171: 802 
172: 481 466 
173: 194 107 301 
174: 
175: ( 169 788 ) 898 
176: 665 600 
177: 778 12 
178: 259 19 263 608 
179: 690 404 812 180 758 881 996 
180: 632 ( 159 342 ) 996 254 
181: 360 546 
182: 964 722 
183: 818 
184: ( 854 537 ) 883 691 191 
185: 380 468 987 874 ( 812 897 ) 
186: 835 425 876 120 578 
187: 14 
188: 187 905 
189: 
190: ( 802 563 ) 195 172 
191: 
192: 250 
193: 331 488 235 332 679 
194: 
195: 617 
196: ( 332 479 ) 
197: 613 588 464 769 116 
198: 898 
199: 893 962 680 
200: 608 248 620 708 
201: 252 377 830 ( 437 414 ) 226 796 
202: 981 972 755 
203: 48 110 260 675 
204: 391 691 
205: ( 248 872 ) 631 993 447 
206: 971 ( 167 17 ) 
207: 422 948 62 793 
208: 868 110 
209: 222 39 867 708 
210: 883 45 318 797 553 444 
211: 30 
212: 323 
213: 
214: 199 609 439 
215: 936 
216: 875 188 959 436 
217: ( 642 1000 ) 536 
218: 61 1 423 217 384 490 706 
219: 364 14 
220: 846 
221: 184 928 929 
222: 621 ( 742 668 ) 
223: 73 635 403 883 ( 802 183 ) 
224: 669 
225: ( 183 778 ) 816 
226: 716 
227: 594 243 617 
228: 716 
229: 624 872 39 
230: 423 
231: 39 
232: 566 
233: 324 225 139 
234: 594 762 855 487 198 
235: 660 
236: 294 998 614 41 
237: 254 ( 80 775 ) 67 668 504 515 932 94 
238: 83 924 515 1 
239: ( 740 556 ) 241 296 975 ( 24 65 450 ) 365 110 
240: 401 
241: 22 
242: 49 612 576 411 421 
243: ( 971 468 ) 
244: 699 
245: 55 678 498 622 
246: 138 
247: 409 
248: 995 968 
249: 490 587 
250: 618 160 881 471 
251: ( 350 358 ) 810 796 
252: 
253: 847 899 
254: 411 107 
255: 951 
256: 994 ( 233 432 ) 35 
257: 407 
258: 262 956 83 275 950 
259: 
260: 29 95 740 
261: 
262: 619 416 ( 281 919 676 ) 
263: 257 67 791 383 796 488 102 121 
264: 416 902 515 
265: 16 595 956 
266: 500 
267: 305 676 
268: 743 234 972 174 448 ( 770 870 580 ) 
269: 534 888 
270: 321 97 573 
271: 826 302 
272: 459 
273: 
274: 297 ( 310 598 ) 421 12 
275: 
276: 792 801 
277: 28 
278: 
279: ( 835 934 ) 949 
280: 
281: 491 358 49 
282: 
283: 508 260 
284: 949 260 19 
285: 522 245 727 710 
286: 264 948 
287: 
288: 493 547 271 556 324 62 
289: 534 556 864 680 
290: 842 785 964 350 157 
291: 649 708 830 
292: 998 399 357 426 
293: 855 ( 398 334 ) ( 401 484 ) 
294: 688 358 102 
295: 500 876 763 134 61 
296: ( 699 32 ) 753 
297: 350 793 364 
298: 905 708 531 
299: 25 216 
300: 522 
301: 473 
302: 138 
303: 
304: 573 303 716 357 408 84 
305: 553 870 939 699 364 583 390 
306: 796 832 ( 358 503 ) 197 236 
307: 853 
308: ( 689 526 ) 
309: 
310: 307 834 717 728 
311: 409 
312: 968 
313: 
314: 
315: 137 602 649 
316: 
317: 582 717 254 
318: 902 
319: 12 
320: 292 382 
321: 130 895 ( 898 468 ) ( 753 648 ) 63 
322: 
323: ( 184 39 ) 838 73 34 307 207 116 
324: 246 255 215 
325: 110 494 759 417 439 949 
326: 
327: ( 622 655 ) 
328: 906 440 ( 609 666 ) 
329: 830 
330: 
331: 613 
332: ( 834 769 ) 9 473 876 436 505 235 
333: 787 413 202 925 182 
334: 39 442 
335: 82 113 928 476 
336: 
337: 
338: 802 384 147 
339: 79 844 716 ( 70 39 ) 253 865 
340: 
341: 900 583 718 497 82 
342: 647 400 176 333 924 444 
343: 
344: 385 
345: 678 
346: 499 
347: 
348: 719 
349: 324 491 
350: 567 
351: 966 
352: 488 
353: 234 383 
354: 346 613 666 
355: 664 582 501 
356: 103 216 
357: 23 
358: 771 153 
359: 
360: 401 
361: 
362: 397 
363: 929 921 965 475 
364: 
365: 365 1000 753 
366: 184 368 ( 982 121 ) 917 
367: 769 373 289 326 994 246 553 
368: 
369: 140 387 
370: ( 302 281 ) 
371: 496 171 ( 544 419 302 ) 
372: 601 273 935 ( 734 878 925 ) 
373: 357 
374: 936 
375: 389 
376: 
377: 
378: 
379: 806 ( 702 63 ) 294 826 517 
380: 534 870 647 ( 311 519 ) 293 375 
381: 
382: 294 252 463 876 
383: 903 172 958 
384: ( 604 208 ) 490 829 319 899 
385: ( 449 965 ) 
386: 440 
387: 571 102 447 
388: ( 43 318 ) 857 
389: 127 77 
390: 882 311 987 
391: 19 999 289 
392: 618 
393: 428 221 611 
394: 
395: 999 
396: 
397: 82 
398: 950 
399: 
400: 414 
401: 331 595 
402: 86 214 620 955 ( 253 426 ) 478 965 
403: 24 550 611 
404: 762 691 
405: 728 137 
406: 589 797 413 
407: 538 289 
408: 673 498 30 811 
409: 604 948 312 
410: 
411: 364 22 675 464 130 
412: 981 
413: 
414: 750 718 325 
415: 170 141 515 
416: 
417: 758 899 316 835 875 ( 498 828 ) 548 866 
418: 
419: 71 644 618 957 919 758 447 553 500 107 626 
420: 
421: 430 
422: ( 663 988 ) 326 
423: 150 
424: 125 266 925 
425: 88 344 
426: 746 876 40 19 944 729 
427: 182 958 
428: 326 172 
429: 288 427 
430: 326 71 
431: 425 252 92 733 214 ( 332 216 ) 
432: 
433: 282 126 324 337 942 
434: 111 769 45 
435: 8 837 
436: 312 750 378 505 713 
437: 582 434 205 
438: 710 762 154 364 149 ( 82 753 ) 
439: 214 
440: 
441: 
442: 976 883 250 927 
443: 83 781 
444: 
445: 
446: 468 993 181 879 
447: ( 151 103 ) 896 
448: 709 
449: 917 649 936 
450: ( 400 459 997 ) 116 429 
451: 150 30 
452: 951 
453: 
454: 794 
455: 968 
456: 355 588 994 389 
457: 
458: 
459: 638 530 
460: 787 805 588 
461: 169 
462: 488 470 
463: 
464: 176 
465: 330 413 
466: 
467: 753 
468: 471 983 
469: 
470: 528 582 31 494 896 
471: 975 
472: 488 524 
473: 577 742 864 288 835 
474: 
475: 
476: 192 
477: 308 103 ( 999 304 ) 511 848 
478: 237 
479: 
480: 186 714 
481: 925 172 71 
482: 639 39 
483: 
484: 713 642 
485: ( 74 728 552 ) 639 
486: 861 369 ( 110 190 309 ) 859 188 
487: 943 387 
488: 
489: 
490: 304 ( 41 843 ) 
491: 465 582 ( 586 725 ) 
492: ( 858 929 ) 503 875 842 364 
493: 
494: 304 286 642 798 62 
495: 425 944 844 674 221 
496: 896 614 323 758 
497: 561 856 866 89 988 177 ( 464 774 ) 672 253 
498: 
499: 52 414 49 997 445 321 205 
500: 592 922 274 749 
501: 
502: 
503: 796 ( 63 713 ) 986 423 254 171 
504: 907 ( 323 855 ) 
505: 
506: 
507: 756 641 51 369 
508: 105 125 ( 765 264 ) 
509: 879 479 886 862 
510: 920 882 527 
511: 263 143 539 
512: 
513: 493 103 556 617 670 
514: 994 171 716 756 639 
515: 927 ( 678 129 ) 500 ( 556 387 ) 30 325 136 
516: 311 
517: 200 
518: 
519: 803 357 
520: 
521: 101 
522: 
523: 769 78 
524: 508 
525: 326 375 171 
526: 
527: 843 676 862 
528: 482 334 
529: 886 490 ( 539 698 ) 
530: 
531: 248 439 870 
532: 397 
533: 
534: 812 
535: 291 749 826 
536: 
537: 583 104 517 ( 437 299 ) 
538: 
539: 870 
540: 125 ( 390 455 ) 
541: 848 888 140 
542: 191 531 273 302 710 215 294 
543: 524 225 566 
544: 762 375 756 
545: 
546: 70 
547: 846 ( 475 455 ) 160 847 972 753 
548: 265 357 
549: 24 436 
550: 617 409 465 
551: 5 ( 360 395 ) ( 214 416 737 ) 928 
552: 288 607 262 722 928 
553: 946 1000 688 63 
554: 498 
555: 546 146 
556: ( 406 602 ) ( 760 796 ) 658 550 805 ( 835 247 5 ) 
557: 721 
558: 571 
559: 581 27 ( 721 724 ) 
560: 553 940 65 19 
561: 663 578 130 375 ( 207 585 ) 
562: 
563: 146 308 870 694 
564: 
565: 
566: 444 ( 866 133 ) 436 
567: 
568: 976 44 
569: 511 605 
570: 803 
571: 467 980 843 ( 403 662 ) 717 246 
572: 
573: 
574: 753 920 526 796 
575: ( 423 39 ) 
576: 809 582 ( 364 905 ) 
577: 634 
578: 
579: 
580: 
581: 828 882 964 326 666 697 761 567 352 ( 332 363 ) 
582: 63 474 288 
583: 119 
584: 923 461 
585: 228 
586: 
587: 50 19 89 469 
588: 
589: 544 5 676 
590: 773 187 250 927 221 ( 879 410 ) 
591: 357 834 210 
592: 
593: 583 
594: 112 
595: 
596: 293 
597: 
598: 355 721 
599: 
600: 378 413 332 
601: 71 849 809 
602: 197 392 
603: ( 391 27 ) 259 
604: 965 
605: 
606: 186 
607: 304 526 
608: 945 936 
609: 693 137 ( 747 222 ) 
610: 841 ( 583 697 882 ) 753 505 390 
611: 417 892 
612: 329 149 793 
613: 848 523 793 
614: 
615: 
616: 870 ( 844 438 ) 889 747 ( 679 378 ) 
617: 325 
618: 
619: 902 758 872 
620: ( 895 740 882 ) 352 598 
621: ( 634 528 ) 
622: 253 226 
623: 135 273 
624: 281 296 609 652 
625: 337 692 924 
626: 703 996 788 136 125 
627: 859 169 170 953 
628: 
629: 997 
630: 
631: 324 5 347 198 66 
632: 
633: ( 510 408 ) 423 
634: 666 30 138 400 588 888 
635: ( 882 902 ) ( 822 19 713 ) 672 172 721 116 
636: 
637: 341 ( 670 294 ) ( 194 45 ) 
638: 280 617 698 302 65 
639: 837 673 82 675 578 47 ( 601 473 ) 
640: 34 
641: 
642: 767 
643: 285 340 200 109 552 250 
644: ( 217 364 ) 109 590 10 466 
645: 368 762 391 
646: 888 771 332 743 49 
647: 632 810 456 ( 296 183 ) 
648: 508 ( 124 88 ) 506 717 49 
649: 948 870 764 130 494 503 
650: 52 197 563 440 902 
651: 
652: 190 
653: 665 
654: 759 375 406 413 
655: 940 149 ( 104 249 ) 724 655 
656: 291 665 
657: 498 1 
658: 705 ( 368 647 ) 968 446 295 875 
659: 503 893 697 
660: 352 973 812 
661: 498 
662: 
663: ( 274 795 ) 950 ( 588 570 ) 
664: 353 
665: 187 151 71 
666: 421 
667: 
668: 209 ( 693 281 ) 951 101 ( 153 289 ) 821 785 
669: 828 307 1000 
670: 207 357 
671: 
672: 935 429 432 
673: 811 
674: 20 919 
675: 229 ( 525 648 ) 905 691 104 
676: 567 
677: 429 
678: 570 843 726 
679: 703 539 150 
680: 740 
681: 
682: 416 758 896 590 53 
683: 281 444 
684: 506 311 715 
685: 
686: 641 
687: 52 62 987 999 304 ( 305 566 ) 
688: 151 408 572 775 135 642 
689: 311 285 
690: 92 432 926 ( 130 357 ) 801 
691: 905 356 986 
692: 728 621 434 357 845 777 465 
693: 381 105 ( 611 359 ) 
694: 
695: ( 341 116 ) 
696: 
697: 
698: 789 
699: 
700: 155 
701: 527 ( 863 439 ) 421 ( 250 308 ) 672 
702: 317 
703: 667 
704: 847 595 722 890 309 703 
705: 803 378 283 
706: 568 727 
707: 120 
708: 639 356 194 689 
709: 926 
710: 171 
711: 
712: 509 852 
713: 898 
714: 
715: 
716: 636 655 125 
717: 
718: 496 553 791 632 325 758 406 
719: 
720: 
721: 433 ( 793 14 ) 
722: 
723: ( 50 312 ) 889 389 48 
724: 207 927 269 430 
725: ( 828 587 ) 239 515 
726: 567 669 649 997 751 53 
727: ( 873 319 ) 899 875 
728: 488 849 
729: 296 330 303 158 409 9 
730: 708 ( 833 358 ) 261 
731: 334 
732: 
733: 626 169 544 758 
734: 183 
735: 654 
736: 845 
737: 965 299 73 782 384 547 
738: 815 215 
739: 
740: 30 736 
741: 150 203 ( 479 254 ) 
742: 642 
743: 
744: 32 516 ( 503 962 ) 
745: 127 
746: 498 273 634 
747: 
748: 363 75 
749: 722 375 
750: 324 226 ( 12 428 ) 85 215 699 
751: 228 983 218 503 497 
752: ( 570 236 ) 
753: 147 
754: 919 401 854 
755: 573 715 750 837 
756: 146 847 
757: 651 819 662 22 78 
758: 803 879 596 
759: 346 
760: 889 586 
761: 66 202 
762: 500 45 
763: 606 113 
764: 
765: 
766: 877 
767: 
768: 
769: 
770: 305 ( 1 724 154 ) 
771: 
772: 254 875 
773: 669 406 
774: 305 129 994 833 
775: 373 
776: 253 
777: ( 733 266 ) 321 618 676 ( 727 211 ) 889 
778: 396 
779: 580 259 421 247 202 
780: 305 600 
781: 986 464 58 917 802 
782: 271 215 857 599 954 
783: 49 326 201 657 575 
784: 82 
785: 
786: 340 978 931 475 
787: 517 775 
788: 
789: 856 771 183 224 
790: 488 664 773 417 
791: 
792: 236 344 272 
793: 130 
794: 
795: 117 52 
796: 571 ( 561 434 ) 954 
797: 
798: 809 550 795 291 
799: 209 
800: 293 751 556 263 89 630 78 865 
801: 620 
802: 769 913 401 
803: 756 
804: 
805: 81 504 143 429 987 
806: 663 230 905 71 326 866 ( 401 291 ) 
807: ( 30 512 ) 821 634 292 
808: 184 444 
809: 
810: 721 919 601 707 229 994 250 
811: 831 611 751 112 
812: 387 270 
813: ( 717 224 ) 
814: 
815: 942 621 
816: 
817: 568 204 
818: 293 
819: 691 311 523 943 668 765 758 634 
820: 663 289 373 322 
821: 634 ( 104 92 ) 
822: 697 349 433 
823: ( 892 992 ) 437 357 793 
824: ( 24 721 149 ) 397 
825: 
826: 270 188 357 
827: 
828: 342 134 82 357 587 
829: ( 516 235 ) 183 
830: 125 796 375 
831: 125 561 121 
832: 
833: 436 
834: 606 
835: 511 812 859 ( 987 943 ) 199 896 
836: ( 416 428 ) 447 ( 636 19 ) 524 381 910 724 402 739 134 
837: 899 842 809 97 
838: 481 863 98 
839: 408 
840: 884 454 
841: 409 783 762 
842: 756 751 998 538 
843: 
844: 
845: 420 826 24 399 
846: 476 458 
847: 31 998 
848: 244 469 ( 716 428 ) 917 658 986 
849: 
850: 834 
851: 500 343 
852: 
853: 
854: 360 987 932 248 
855: 722 95 
856: 697 709 
857: 505 
858: 160 195 
859: 
860: 266 
861: 134 587 849 898 
862: 
863: 
864: 
865: 
866: ( 966 758 ) 
867: ( 516 713 ) 73 452 365 929 ( 168 734 618 ) 798 
868: 31 938 932 
869: 581 124 
870: 109 
871: 
872: 
873: 452 275 47 709 148 
874: 582 
875: 792 
876: 27 
877: 547 197 398 675 566 776 698 
878: ( 577 266 ) 498 421 
879: 168 450 711 
880: 140 419 110 
881: 120 22 ( 332 242 ) 101 660 ( 169 248 ) 
882: 580 575 ( 398 483 ) 
883: 481 312 413 
884: 368 937 700 86 661 883 219 77 
885: 926 402 ( 45 432 ) 145 194 
886: 124 481 
887: 821 662 561 
888: 83 ( 245 340 ) 732 ( 401 647 ) 
889: 675 865 747 294 ( 611 349 ) ( 202 243 ) 
890: 721 
891: 
892: 783 ( 437 723 ) 
893: 225 
894: 912 97 
895: 414 194 776 
896: 387 172 955 
897: 983 364 609 
898: 
899: 859 147 
900: 635 409 333 303 
901: ( 99 430 ) 
902: 247 58 876 164 971 317 
903: 
904: 863 14 
905: 691 993 410 362 
906: 221 ( 665 182 ) 
907: 943 844 691 223 607 
908: ( 826 975 ) 140 837 
909: 79 912 586 ( 642 39 ) 470 
910: 
911: 499 288 870 
912: 644 
913: 496 150 863 
914: 988 
915: 
916: 386 413 425 
917: ( 696 307 ) 
918: 965 
919: 896 218 248 875 
920: 580 522 669 913 
921: 122 
922: 666 834 126 699 197 
923: 329 487 346 66 ( 875 298 ) 694 872 690 
924: 837 
925: 587 ( 949 742 ) 199 
926: 654 272 595 384 220 265 622 
927: 904 745 81 580 39 428 851 767 
928: 
929: 879 
930: 
931: 866 
932: 853 889 409 
933: 202 225 
934: 305 
935: 215 
936: 29 77 97 498 399 884 
937: 544 460 128 296 
938: 
939: 743 180 24 
940: 787 
941: 803 9 99 364 
942: 134 
943: 602 274 994 
944: 299 
945: 43 844 87 907 
946: ( 288 908 ) 
947: 
948: 740 401 616 
949: 263 
950: 
951: 
952: 
953: 
954: 640 
955: 564 
956: 694 186 488 310 103 194 382 655 416 
957: 103 243 352 664 391 408 
958: 875 
959: 
960: 63 26 130 476 364 682 
961: 
962: 164 
963: 203 ( 806 626 ) 302 916 799 
964: 163 639 928 
965: ( 821 346 ) 578 895 
966: 668 54 
967: 812 824 490 669 702 
968: 421 143 204 39 626 664 
969: 226 100 363 ( 761 14 ) 
970: 380 
971: 856 717 
972: 553 752 ( 904 427 ) 855 
973: 
974: 155 476 958 
975: 312 875 636 565 ( 776 503 707 ) 172 
976: 896 217 172 506 
977: 626 346 964 807 241 43 
978: 798 116 ( 221 84 ) 640 251 920 626 
979: 
980: 
981: 417 437 
982: 
983: ( 617 432 ) 
984: 395 821 608 308 
985: 912 61 
986: 787 920 
987: 
988: 196 421 660 
989: 523 971 ( 14 698 ) 402 
990: 62 263 370 383 866 905 634 
991: 53 ( 671 972 ) 747 
992: 
993: 
994: 88 ( 303 326 ) 
995: 805 
996: 
997: 432 742 
998: 117 
999: 96 881 
1000: 221 854 627 287 992 87 646 655 

1: 119 218 657 770 238 
2: 
3: 
4: 
5: ( 589 164 ) 551 556 ( 631 57 ) 
6: 120 
7: 
8: 435 
9: 941 729 332 
10: 97 644 
11: 
12: 68 177 274 750 319 
13: 
14: 219 187 989 904 969 721 
15: 
16: 265 
17: 206 
18: 
19: 178 426 391 587 635 ( 560 284 50 ) 836 
20: ( 674 126 ) 
21: 
22: 411 241 757 881 
23: 357 
24: 939 549 845 239 403 824 
25: 299 
26: 960 
27: 876 559 603 
28: 277 
29: 260 936 
30: 408 740 515 807 211 451 634 130 
31: ( 847 470 ) 868 87 
32: 744 296 
33: 
34: ( 640 323 ) 
35: 256 
36: 68 62 
37: 
38: 
39: 927 209 231 909 ( 21 91 ) 334 575 339 229 968 ( 482 168 ) 323 145 
40: 426 
41: 490 154 236 
42: 
43: 29 977 ( 388 945 ) 
44: 568 
45: 434 70 89 637 885 762 2 210 
46: 
47: 639 22 873 
48: 723 203 
49: 281 646 499 648 62 242 783 
50: 587 723 
51: 507 
52: 687 650 795 499 
53: ( 991 153 ) 682 726 
54: 966 
55: 245 
56: 
57: 
58: 145 781 902 
59: 
60: 
61: 985 295 218 
62: 687 ( 84 494 ) 288 207 990 130 
63: 582 960 379 321 ( 553 503 ) 
64: 
65: 239 638 560 
66: ( 631 761 923 ) 
67: 237 263 
68: 
69: 
70: 116 546 339 148 
71: 665 430 419 150 481 601 806 
72: 57 
73: 223 323 737 867 
74: 485 
75: 748 
76: 
77: 389 936 884 
78: 150 800 523 757 
79: 339 134 909 
80: 237 
81: 127 805 927 
82: 828 335 438 341 639 784 397 
83: ( 443 258 ) 238 888 
84: 304 978 29 
85: 750 
86: 402 884 
87: 1000 31 945 
88: 994 648 425 
89: 587 800 497 
90: 
91: 
92: 24 ( 431 690 ) 821 111 
93: 
94: 237 
95: 855 260 
96: 18 999 
97: 837 894 936 270 
98: 838 
99: 941 901 
100: 969 58 
101: 881 668 521 72 
102: 387 263 294 
103: 957 956 447 ( 356 163 477 ) 513 
104: 675 537 ( 655 69 ) 821 
105: 508 693 
106: 110 
107: 419 173 254 
108: 110 
109: 643 870 644 
110: ( 239 325 880 ) ( 486 203 208 ) 
111: 434 
112: 811 594 
113: 763 335 
114: 120 161 
115: 
116: 695 323 978 635 ( 450 197 ) 
117: 795 998 
118: 32 
119: 583 
120: 186 60 707 881 
121: ( 831 366 ) 5 263 
122: 921 
123: 
124: 869 886 648 13 
125: 626 ( 424 85 ) 830 508 831 25 540 716 
126: 922 433 
127: 745 389 
128: 937 
129: 774 102 515 
130: 690 24 85 411 ( 649 960 ) 561 793 102 321 
131: 
132: 
133: 566 140 
134: 91 163 836 828 942 295 101 861 
135: 688 623 
136: 626 515 
137: 609 72 405 315 
138: 634 246 74 302 
139: 233 
140: 48 369 908 541 880 
141: 415 
142: 
143: 511 968 805 
144: 
145: 885 
146: 555 563 756 
147: 338 753 899 
148: 97 873 
149: 824 655 438 612 
150: 913 423 741 451 679 
151: 447 665 688 
152: 
153: 668 358 
154: 22 770 438 
155: 700 ( 145 974 ) 160 
156: 
157: 290 
158: 110 729 
159: 73 128 180 
160: 250 ( 858 547 ) 
161: 
162: 
163: 86 964 
164: 962 902 136 
165: 
166: 
167: 40 206 
168: 879 867 
169: 881 627 ( 733 175 461 ) 
170: 627 415 
171: 503 710 371 40 525 514 
172: 976 635 896 428 140 383 975 190 481 
173: 
174: 268 
175: 
176: 464 342 
177: ( 139 497 ) 
178: 
179: 
180: 179 939 
181: 446 128 
182: 333 80 ( 906 427 ) 159 
183: 829 734 223 647 225 789 
184: 323 10 366 808 221 161 
185: 
186: ( 956 94 480 ) 606 
187: 590 665 188 
188: ( 216 826 ) 486 93 
189: 
190: 486 652 
191: 184 132 164 542 
192: 476 106 85 
193: 71 77 
194: 27 173 ( 637 895 ) 708 ( 956 885 ) 
195: 190 858 143 1 
196: 988 
197: 602 ( 922 877 306 ) ( 650 149 ) 
198: 49 631 234 
199: 835 925 214 72 
200: ( 517 643 ) 
201: 783 
202: ( 889 761 ) 933 779 333 
203: 741 85 963 
204: 110 817 968 
205: ( 499 437 ) 
206: 
207: 561 724 323 ( 670 21 ) 
208: 384 
209: 668 799 
210: 132 591 26 
211: 71 777 92 
212: 98 
213: 
214: 81 439 ( 56 402 ) 130 551 431 
215: 542 324 738 148 782 935 750 
216: 88 135 299 ( 356 431 ) 
217: 218 976 644 
218: 751 919 
219: 884 
220: 926 
221: 1000 495 590 393 906 978 
222: ( 209 115 ) 609 
223: 160 907 
224: 813 789 
225: 233 543 933 36 893 
226: 969 201 750 622 
227: 
228: 49 751 585 
229: 71 675 810 
230: 806 
231: 
232: 
233: 256 
234: 268 353 
235: 332 193 118 82 829 
236: 752 ( 792 306 ) 
237: 478 
238: 
239: 725 40 44 
240: 
241: 239 977 
242: 881 
243: 957 159 227 889 
244: 848 
245: 285 888 
246: 571 106 324 ( 367 166 ) 
247: 157 902 556 779 
248: ( 854 881 ) 919 205 200 531 
249: 655 
250: 590 701 192 ( 810 442 ) 643 
251: 978 
252: 201 382 431 14 
253: 622 339 776 497 402 
254: 317 503 180 741 108 772 237 
255: 324 
256: 
257: 263 
258: 
259: 779 178 603 
260: ( 284 203 ) 283 47 
261: 730 
262: 111 552 258 
263: 800 511 131 178 990 949 160 102 
264: 508 44 286 
265: 926 548 
266: 777 424 860 878 
267: 
268: 
269: ( 83 724 ) 153 
270: 826 812 
271: 288 95 782 
272: ( 792 926 ) 69 
273: 372 746 623 542 
274: 663 943 500 18 
275: 258 131 873 
276: 121 
277: 132 
278: 
279: 
280: 638 
281: ( 683 624 ) 23 668 262 370 
282: 81 158 433 
283: 705 
284: 84 
285: 689 143 643 
286: 494 
287: 1000 
288: ( 429 582 ) 946 473 911 552 
289: ( 668 407 ) 820 367 391 
290: 131 
291: ( 31 806 ) 656 798 535 12 
292: 320 807 170 
293: ( 380 26 818 ) 596 800 
294: 236 ( 542 637 ) 889 ( 382 379 ) 
295: 161 658 
296: 647 624 ( 729 239 ) 937 
297: 274 
298: 923 
299: ( 537 944 ) 737 
300: 
301: 120 173 
302: 370 271 371 963 638 542 
303: 81 994 304 900 729 
304: 490 ( 85 687 ) 494 607 477 
305: 770 ( 780 166 ) 267 ( 774 32 687 ) 934 
306: 30 78 
307: 917 51 669 ( 310 88 ) 323 
308: 563 128 984 95 477 701 
309: 486 704 46 
310: 34 956 274 
311: 390 380 516 49 819 689 684 
312: 409 56 723 975 436 883 
313: 
314: 
315: 25 114 
316: 417 
317: 902 702 
318: ( 150 210 ) 388 
319: 147 727 384 
320: 38 
321: ( 499 270 ) 777 
322: 820 
323: 496 ( 145 504 ) 212 
324: 433 349 750 288 27 ( 631 233 ) 
325: 78 718 515 414 617 
326: 422 994 783 806 430 525 428 31 581 367 
327: 
328: 34 125 
329: 923 612 
330: 465 137 729 
331: 193 401 
332: 196 431 193 646 600 581 881 
333: 342 900 74 
334: 528 75 293 731 
335: 
336: 
337: 433 625 
338: 
339: 
340: ( 786 643 ) 888 
341: 695 637 
342: 828 180 
343: 851 
344: 425 792 
345: 
346: ( 759 110 ) 965 923 977 354 
347: 631 102 
348: 
349: 889 822 
350: 290 251 297 
351: 24 
352: 581 660 620 957 139 
353: 664 
354: 
355: 3 456 ( 598 14 ) 
356: 708 691 28 
357: 373 292 519 692 304 826 48 ( 591 548 690 ) 823 ( 670 828 ) 
358: 281 306 ( 59 294 ) ( 251 730 ) 
359: 693 
360: 854 181 551 
361: 147 
362: 905 
363: 748 969 581 
364: 644 576 73 492 ( 941 305 ) 219 ( 897 438 ) 297 411 960 
365: 239 41 867 365 
366: 
367: 60 
368: 884 645 366 658 
369: 507 486 
370: 990 
371: 
372: 
373: 367 820 775 
374: 
375: 561 654 544 749 ( 830 380 ) ( 525 75 ) 
376: 
377: 201 
378: 600 705 436 616 
379: 
380: 970 185 
381: 836 693 
382: 320 956 
383: 353 990 ( 263 24 ) 159 
384: 338 218 54 737 926 
385: 344 
386: 916 
387: 369 487 515 896 812 
388: 
389: 723 375 456 168 
390: ( 305 540 ) 610 
391: 957 204 645 603 
392: 602 
393: 
394: 
395: 154 984 551 
396: 778 57 
397: 362 ( 37 532 ) 824 169 
398: 882 293 877 
399: 292 845 148 936 
400: 634 450 342 
401: 293 802 360 240 948 806 888 754 
402: 836 989 885 
403: 571 223 18 
404: 179 40 
405: 
406: 654 ( 556 773 ) 718 
407: 257 
408: 688 ( 304 957 633 ) 34 839 53 
409: 841 932 23 16 729 ( 550 247 ) 900 311 159 
410: 905 146 93 590 
411: 242 254 
412: 
413: 406 654 133 ( 600 465 ) 916 883 333 
414: 400 201 895 499 
415: 
416: 551 956 836 262 264 682 
417: ( 981 611 ) 325 82 23 790 
418: 
419: 880 71 371 
420: 845 
421: 878 968 666 274 701 242 988 779 
422: 207 
423: 230 ( 13 575 ) 76 218 633 503 
424: 53 102 11 
425: 916 431 186 495 
426: 402 292 113 
427: ( 429 79 ) 972 
428: 836 393 750 83 927 848 
429: 805 ( 450 677 ) 672 
430: 724 901 421 
431: 
432: 997 71 690 983 672 885 256 
433: 822 721 
434: 692 437 796 
435: 
436: 332 216 ( 833 566 ) 549 
437: 201 981 537 823 892 
438: 616 
439: 214 325 701 531 144 
440: 650 386 328 
441: 
442: 334 
443: 
444: 566 146 ( 106 210 ) 342 683 808 
445: 499 
446: 658 
447: 387 836 419 205 
448: 268 
449: 385 
450: 239 879 
451: 
452: 867 873 142 
453: 
454: 840 
455: 547 540 
456: 647 
457: 167 
458: 846 170 
459: 450 272 
460: 937 
461: 584 
462: 91 
463: 382 
464: 197 497 411 781 
465: 692 ( 550 491 ) 
466: 172 644 
467: 571 
468: 446 243 185 321 
469: 30 848 587 
470: 462 84 909 
471: 250 468 
472: 76 85 
473: 301 332 ( 639 136 ) 
474: 582 
475: 363 547 786 
476: ( 335 960 ) 974 97 846 
477: 
478: 402 
479: 741 196 509 
480: 
481: 838 172 886 883 
482: 528 
483: 882 
484: 293 
485: 
486: 
487: 923 234 
488: 352 956 462 ( 728 472 193 ) 790 263 
489: 
490: 218 384 23 ( 137 529 ) ( 249 967 ) 
491: 349 281 
492: 
493: 288 513 
494: 16 148 325 470 649 
495: 
496: 913 ( 371 718 ) 
497: 751 341 85 152 
498: ( 245 661 408 ) 554 657 936 ( 27 878 ) 417 746 
499: 911 134 346 62 
500: 851 ( 762 295 515 ) ( 266 144 ) 84 21 419 
501: 355 
502: 
503: 751 744 975 306 492 659 649 
504: 237 805 
505: 610 857 436 332 
506: 648 976 684 112 120 
507: 
508: 524 648 283 
509: 712 
510: 101 633 
511: 569 477 835 
512: 807 
513: 
514: 
515: 725 ( 237 238 ) 106 415 264 
516: 11 744 867 829 
517: 379 537 787 
518: 
519: 380 
520: 22 
521: 
522: 300 920 285 
523: 819 989 613 
524: ( 152 836 ) 543 472 
525: 675 
526: 574 308 607 
527: 701 8 510 58 
528: 621 470 54 
529: 
530: 459 46 
531: 542 298 
532: 
533: 
534: 289 380 269 
535: 145 
536: 217 
537: ( 148 184 ) 
538: 842 407 
539: ( 511 529 ) 679 
540: 
541: 
542: 
543: 
544: 733 589 937 371 
545: 
546: 181 2 555 
547: 737 877 288 
548: 49 417 
549: 
550: 35 ( 556 798 ) 63 76 403 
551: 
552: ( 485 643 ) 
553: 210 419 718 1 305 367 560 972 
554: 
555: 
556: 239 289 515 513 288 800 
557: 
558: 
559: 
560: 75 
561: 497 796 887 831 
562: 
563: 190 121 650 
564: 955 
565: 3 975 60 
566: 23 687 232 543 877 
567: 581 726 350 27 676 160 
568: 706 817 153 
569: 
570: 752 678 663 
571: 387 ( 558 796 ) 
572: ( 53 688 ) 27 
573: 131 92 304 270 755 
574: 
575: 882 783 
576: 242 
577: ( 473 878 ) 
578: 561 186 965 639 
579: 
580: 779 927 882 119 920 112 268 
581: 559 869 
582: 576 874 470 317 491 437 355 
583: 537 341 305 593 610 
584: 
585: 117 561 
586: 491 909 760 
587: 51 ( 725 828 ) 925 249 861 47 
588: 460 456 663 634 197 
589: 406 
590: 682 644 
591: 22 
592: 500 
593: 
594: 227 234 
595: 926 401 704 265 
596: 136 ( 137 758 ) 
597: 73 
598: 18 274 620 
599: 782 
600: 176 780 
601: 639 372 810 
602: 943 315 556 
603: 
604: 409 384 
605: 569 
606: ( 834 763 ) 
607: 907 552 
608: 62 984 200 178 
609: 624 897 214 328 
610: 
611: 393 811 ( 403 889 ) 693 
612: 242 
613: 47 331 354 197 
614: 496 236 
615: 
616: 948 
617: 227 ( 513 195 ) 983 550 638 
618: 419 ( 867 250 ) 777 392 
619: 262 
620: 36 402 200 801 
621: ( 222 692 ) 815 
622: ( 327 245 ) 926 
623: 
624: ( 229 93 ) 
625: 
626: ( 963 63 ) ( 968 978 ) 733 419 149 977 
627: 1000 
628: 
629: 92 
630: 800 
631: 205 
632: 718 180 647 
633: 
634: 819 577 89 746 821 990 621 807 
635: 223 12 900 
636: 716 975 836 
637: 
638: 459 
639: ( 514 708 ) 964 482 485 
640: 978 954 
641: 137 507 686 
642: ( 217 494 ) 909 ( 742 688 ) 484 
643: 
644: 912 419 
645: 
646: 1000 
647: 380 658 154 342 113 888 
648: 675 321 
649: 726 291 449 315 
650: 160 
651: 139 757 
652: 624 
653: 
654: 926 ( 735 46 ) 
655: 716 1000 956 327 655 
656: 
657: 56 783 21 138 
658: 848 84 556 
659: 
660: 988 235 154 49 881 134 
661: 884 
662: 757 887 571 
663: ( 820 806 ) 422 561 115 
664: 790 31 355 40 957 ( 968 154 ) 76 
665: 176 656 906 653 
666: 922 354 328 581 634 
667: 703 
668: 237 819 222 966 
669: 773 224 29 ( 726 63 ) 967 920 
670: 513 637 
671: 991 
672: 497 ( 635 701 ) 
673: 639 408 
674: 495 
675: 639 889 411 83 ( 36 203 ) 877 
676: ( 136 262 ) 589 267 777 527 
677: 
678: 515 163 345 245 
679: 616 193 140 
680: 289 199 
681: 111 2 
682: 960 
683: 
684: 113 
685: 132 
686: 
687: 
688: ( 553 294 ) 
689: 708 75 308 
690: 923 179 62 
691: 675 907 204 819 404 184 43 905 
692: 169 75 625 
693: 668 609 
694: 956 923 563 
695: 
696: 917 
697: 581 822 856 610 659 
698: 877 529 21 638 989 
699: 305 ( 922 750 296 ) 244 
700: 884 
701: 
702: 967 379 
703: ( 79 679 ) 626 704 
704: 
705: 658 
706: 218 
707: 810 163 975 
708: 200 730 ( 11 209 ) 291 298 
709: ( 856 448 ) 873 
710: 285 438 ( 3 140 ) 542 
711: 879 
712: 18 
713: 867 484 436 503 ( 635 113 ) 
714: 480 
715: 684 16 755 
716: 339 226 304 228 514 848 
717: 310 971 159 648 153 317 571 813 
718: 341 414 13 
719: 348 
720: 
721: 559 60 810 890 635 598 824 151 557 
722: ( 54 552 ) 704 855 749 29 182 
723: 892 40 
724: 770 ( 559 655 ) 836 
725: 491 
726: 678 
727: 777 706 285 
728: ( 310 405 ) 485 692 
729: 426 28 119 154 
730: 
731: 
732: 888 
733: 777 137 431 
734: ( 867 372 ) 
735: 42 
736: 114 740 
737: 153 551 
738: 
739: 836 
740: 620 ( 260 680 ) 239 63 948 
741: 
742: 473 997 222 925 
743: 939 5 646 95 268 
744: 
745: ( 102 927 ) 
746: 426 
747: 991 609 616 889 
748: 23 
749: 500 535 
750: 755 414 436 
751: 800 811 76 726 842 
752: 972 
753: 574 321 610 438 547 296 ( 365 467 ) 
754: 
755: 202 
756: 514 507 544 803 ( 106 33 24 ) 842 
757: 100 
758: 496 682 718 ( 866 417 ) 419 733 619 819 179 
759: 654 325 
760: 556 
761: 581 969 110 
762: 438 234 645 ( 105 841 ) 404 544 
763: 147 295 
764: 649 
765: 508 819 
766: 
767: 151 ( 927 642 ) 
768: 142 69 13 
769: 367 523 ( 332 197 ) 802 434 
770: 268 57 
771: 789 ( 71 358 ) 646 
772: 
773: 790 161 590 
774: 96 497 
775: 688 787 237 119 
776: 877 975 895 
777: 692 
778: 225 177 
779: 
780: 
781: 443 84 
782: 737 87 
783: 892 841 
784: 
785: 10 668 290 
786: 
787: 940 460 333 986 
788: 626 175 
789: 698 
790: 
791: 263 718 
792: 150 276 875 
793: 721 823 613 297 612 207 
794: 454 
795: 798 663 
796: 556 ( 44 94 503 ) 306 ( 125 263 ) 251 ( 574 830 ) 201 
797: 210 153 406 
798: 105 494 978 867 
799: 963 
800: 
801: 276 21 114 690 
802: ( 171 338 190 ) 781 223 
803: 941 ( 705 570 758 ) 519 157 
804: 
805: 556 995 460 
806: 29 963 41 379 
807: 977 
808: 
809: 798 ( 601 145 ) 837 576 
810: 251 647 
811: 673 408 
812: 967 660 835 179 ( 185 534 ) 
813: 
814: 
815: 738 
816: 70 225 
817: 
818: 183 
819: 757 
820: 
821: 83 965 84 887 ( 984 668 ) 807 
822: 635 
823: 
824: 967 
825: 
826: 908 379 148 271 845 34 535 
827: 
828: 581 669 725 417 
829: 384 
830: 201 329 291 
831: 811 95 
832: 306 
833: 101 774 730 
834: 850 332 922 ( 310 591 ) 
835: 80 186 556 417 473 279 
836: 
837: ( 755 924 ) 908 639 435 
838: 323 
839: 
840: 
841: 610 
842: 43 ( 492 837 ) 95 290 
843: 571 490 678 527 
844: 945 907 26 339 616 495 
845: 736 692 
846: 547 220 
847: 756 125 704 253 547 
848: 541 ( 613 477 ) 63 
849: 861 728 601 
850: 
851: 927 
852: 62 712 
853: 307 932 
854: 184 754 1000 101 
855: 293 972 ( 234 504 ) 
856: 789 971 497 
857: 782 388 
858: 492 88 
859: 486 835 627 899 127 
860: 135 73 
861: 486 
862: 527 509 
863: 904 913 701 838 
864: 473 289 
865: ( 800 889 ) 339 
866: 806 101 990 566 417 497 931 
867: 99 209 
868: 44 208 
869: 
870: 649 268 380 305 539 563 531 616 911 
871: 
872: 923 205 229 152 619 
873: 727 
874: 185 
875: 975 216 923 919 492 727 958 658 154 772 417 
876: 426 12 295 186 332 103 902 382 
877: 766 
878: 372 
879: 929 758 ( 446 509 ) 590 
880: 
881: 999 179 ( 77 250 ) 
882: 390 581 610 510 635 620 
883: 223 210 184 442 884 
884: 936 840 
885: 
886: 529 509 
887: 20 
888: ( 541 634 ) 646 269 
889: 760 777 616 723 932 
890: 704 
891: 
892: 611 823 63 
893: 659 58 199 
894: 
895: 965 321 ( 620 29 ) 
896: 496 447 ( 470 976 ) 835 919 682 
897: 185 
898: 198 118 713 861 321 28 175 
899: 384 727 253 417 154 837 
900: 341 
901: 
902: ( 635 619 ) 318 64 77 650 264 
903: 383 97 164 
904: 972 927 22 
905: ( 990 576 ) 675 806 188 298 691 
906: 328 
907: 945 504 
908: 946 
909: 
910: 836 
911: 
912: 894 909 985 
913: 920 802 48 
914: 
915: 
916: 963 
917: 137 131 52 781 ( 848 366 ) 138 449 
918: 
919: 134 674 810 754 419 262 
920: 574 ( 986 510 978 ) 
921: 363 
922: 86 500 21 
923: 584 
924: 625 3 ( 342 238 ) 
925: 372 424 481 333 
926: 690 709 885 
927: 590 515 ( 32 442 ) 145 724 
928: 551 335 552 964 221 
929: ( 492 153 ) 221 363 867 
930: 
931: 786 
932: ( 868 854 ) ( 237 17 ) 
933: 112 74 51 
934: 279 
935: 372 672 
936: 449 608 374 215 
937: 884 
938: 868 
939: 305 
940: 560 655 
941: 
942: 815 433 
943: 835 819 487 907 
944: 495 144 426 
945: 608 85 
946: ( 553 127 ) 
947: 
948: 207 649 286 58 3 409 
949: ( 284 925 ) 279 325 
950: 398 126 258 663 127 
951: 668 255 452 
952: 
953: 627 124 
954: 796 782 
955: 76 896 402 
956: 258 265 
957: 419 
958: 106 427 974 383 
959: 216 
960: 
961: 
962: 744 137 199 
963: 
964: 182 977 290 581 
965: 92 34 604 ( 918 385 ) 737 402 363 
966: 22 ( 351 866 ) 
967: 115 
968: 312 248 658 455 
969: 
970: 
971: 206 989 ( 243 902 ) 
972: 202 547 ( 991 1 25 268 ) 
973: 660 
974: 
975: 239 ( 471 123 ) 908 
976: 442 568 
977: 
978: 786 
979: 
980: 571 
981: 412 202 
982: 366 
983: 69 751 897 468 
984: 
985: 
986: 848 503 781 691 
987: 390 687 835 854 805 185 
988: 422 497 914 
989: 
990: 
991: 
992: 1000 823 
993: 86 446 205 905 
994: ( 456 943 ) 514 774 367 256 810 
995: 248 97 
996: 626 179 162 180 
997: 499 726 629 450 
998: 292 847 842 236 
999: 477 395 391 687 
1000: 217 553 365 669 
