1: 211 
2: 753 310 ( 826 695 ) 288 
3: 746 367 
4: 252 819 
5: 400 76 730 389 
6: 109 65 ( 398 715 ) 
7: 92 464 
8: 243 289 412 
9: 686 
10: 
11: 116 
12: ( 321 827 914 ) 878 
13: 30 819 767 717 169 
14: 
15: 62 910 
16: 
17: 
18: 372 774 
19: 276 
20: 837 70 606 148 393 
21: 858 946 955 592 894 
22: 751 737 374 791 965 
23: 
24: 864 995 455 
25: 134 
26: 761 91 
27: 547 902 191 
28: 318 
29: 215 
30: 911 619 318 358 57 114 
31: 71 624 
32: 760 527 680 
33: 947 23 545 ( 786 700 ) 266 365 631 576 
34: 919 422 384 
35: 547 
36: 352 ( 401 130 ) 481 
37: 296 178 138 
38: 343 
39: 55 
40: ( 180 372 ) 100 836 
41: 592 855 70 734 72 
42: ( 827 831 117 ) 514 ( 579 105 ) 
43: 753 484 
44: 605 329 1000 982 
45: 889 900 668 
46: 
47: 275 794 186 
48: 
49: 449 
50: 136 680 481 403 
51: 759 
52: 423 
53: 647 25 732 
54: 76 743 ( 326 930 ) 517 543 
55: 908 130 
56: 66 783 213 945 495 524 831 32 769 
57: 304 
58: 834 
59: 21 109 964 ( 616 953 ) 548 
60: 
61: 714 881 832 
62: 
63: 214 52 90 
64: 932 
65: 389 908 898 588 855 902 ( 466 304 ) 422 
66: 544 
67: 466 699 
68: 109 ( 858 782 ) 786 903 
69: 494 285 767 711 793 
70: 918 
71: 465 
72: 906 919 371 
73: 3 
74: 
75: 599 278 340 410 474 134 
76: 334 
77: 91 564 824 ( 682 894 ) ( 643 372 ) 
78: 1000 468 152 
79: 
80: 707 605 
81: 642 943 745 303 
82: 458 423 988 
83: 680 982 940 480 
84: 
85: 891 310 214 
86: 927 
87: 266 638 ( 738 495 ) 386 
88: 107 ( 891 358 578 ) 
89: 359 
90: 
91: 766 693 389 
92: 636 480 252 319 261 474 
93: 290 503 436 435 59 
94: 516 746 27 768 495 
95: 540 252 336 
96: 504 311 796 585 
97: 581 455 841 
98: 738 468 305 
99: 940 200 
100: 308 794 206 413 
101: 658 869 
102: 
103: 
104: 443 
105: 514 777 375 752 5 359 934 335 
106: 447 978 413 523 641 513 
107: 
108: 746 836 320 742 
109: 
110: 
111: 326 127 82 
112: 459 153 
113: 674 ( 805 858 ) 195 193 305 
114: 583 
115: 209 377 358 
116: 842 386 89 886 747 
117: 902 240 449 
118: 271 
119: 30 
120: ( 924 466 ) 541 804 
121: 674 
122: 50 833 
123: 29 
124: 
125: 574 180 
126: 480 505 55 331 323 
127: 16 32 465 
128: 319 250 
129: 
130: 553 45 
131: 
132: 318 425 33 832 226 
133: 
134: 449 176 
135: 
136: 545 
137: 
138: 891 246 425 
139: 334 517 
140: 852 
141: 
142: 924 
143: 522 960 433 619 24 560 
144: 535 908 462 
145: 59 24 
146: 278 286 883 
147: 96 
148: 326 ( 196 552 ) 302 89 
149: 451 942 159 972 
150: 708 981 
151: 567 506 
152: 535 32 ( 72 426 141 ) 
153: 136 741 
154: 607 
155: 591 
156: 
157: 639 
158: 339 899 658 
159: ( 396 253 ) 
160: 672 497 119 494 785 
161: 
162: 796 124 
163: 660 244 
164: 
165: 
166: 941 574 
167: 953 464 618 
168: 133 764 455 
169: 300 
170: 835 536 255 188 697 
171: 595 109 648 578 727 534 
172: 
173: 239 322 564 
174: 
175: 650 
176: ( 65 832 ) 228 451 189 307 
177: 682 572 
178: 149 668 953 
179: 
180: 268 100 303 
181: 433 
182: 268 409 149 636 331 ( 306 82 ) 930 
183: 347 21 
184: 725 
185: 731 106 964 47 757 
186: 835 44 309 113 ( 43 369 ) 628 
187: 774 729 609 
188: 
189: 
190: 859 
191: 378 805 
192: 191 ( 609 576 ) 321 106 807 
193: 484 177 
194: 122 
195: 838 590 941 85 270 109 
196: 763 
197: 285 709 
198: 334 305 132 
199: 268 403 ( 435 673 ) ( 522 152 ) 55 
200: 493 738 ( 867 514 ) 
201: ( 219 115 ) 
202: 606 
203: 64 447 806 61 
204: 82 907 
205: 181 518 
206: 125 ( 610 899 ) 
207: 682 836 106 986 164 
208: 943 357 
209: 755 422 182 
210: 833 902 580 
211: 165 708 752 730 
212: 
213: 592 260 ( 60 694 22 ) 565 
214: 440 
215: 
216: 
217: 77 42 832 11 
218: 717 
219: 944 271 229 
220: ( 159 286 ) 
221: 404 574 
222: 483 
223: 1 381 542 964 
224: 861 904 842 659 155 333 
225: 576 320 979 
226: 347 457 
227: 
228: 340 53 767 
229: 237 30 780 
230: 540 
231: 275 
232: ( 946 228 ) 383 983 431 232 
233: 231 156 409 
234: 60 
235: 724 235 26 337 
236: 728 ( 991 278 ) 
237: 574 
238: 542 128 
239: 390 169 144 766 49 469 741 
240: 898 277 213 
241: 356 375 894 286 85 
242: 149 904 728 
243: 831 833 ( 136 796 ) 
244: 984 
245: 449 
246: 
247: 424 ( 27 196 ) 626 ( 773 754 ) 719 
248: 861 975 422 
249: 151 983 
250: 412 788 686 145 
251: 506 97 901 ( 198 868 ) 341 466 
252: 
253: ( 329 253 ) 
254: 752 
255: 593 863 
256: 157 982 ( 951 810 ) 
257: 468 906 3 
258: 753 29 
259: 516 ( 620 919 ) 
260: 548 144 
261: 
262: ( 905 152 738 ) 610 797 
263: 
264: 550 ( 886 677 155 509 ) 497 189 363 
265: 851 
266: 921 
267: 245 932 
268: 44 
269: 16 483 
270: 727 922 754 334 449 160 229 ( 211 774 ) 
271: 941 837 ( 586 831 ) 278 960 
272: 657 321 
273: 819 
274: 288 579 626 377 
275: 718 667 
276: 744 804 333 
277: 
278: 759 
279: 
280: 212 680 
281: 24 52 ( 841 329 300 ) 389 
282: 777 774 
283: 242 414 963 447 
284: 456 517 
285: 547 964 
286: 160 70 
287: 576 792 115 
288: 597 
289: 962 412 242 127 564 
290: 
291: 580 
292: 122 780 
293: 
294: 33 
295: 79 217 
296: 
297: 658 
298: 193 690 527 
299: 607 246 109 991 588 667 
300: 347 331 601 
301: 
302: 108 319 
303: 
304: 845 
305: 708 397 926 550 715 57 
306: 466 508 
307: 375 
308: 729 
309: 
310: 
311: 941 386 147 514 201 ( 133 409 ) 731 297 49 
312: 127 328 163 
313: 307 125 164 15 425 
314: 81 472 
315: 315 
316: 763 666 
317: ( 777 869 ) 
318: 644 362 991 134 
319: 816 765 33 503 
320: 
321: 
322: 
323: 708 200 
324: 664 791 
325: 
326: 910 428 
327: 159 981 
328: 386 779 135 
329: 436 ( 574 466 ) 572 
330: 551 1 
331: 
332: 923 
333: 119 489 283 745 
334: 941 
335: 
336: 483 
337: 
338: 304 
339: 
340: 
341: ( 918 87 ) 755 
342: 699 801 
343: 12 357 593 476 
344: 868 
345: 
346: 958 423 
347: 
348: 113 375 
349: 809 54 
350: 164 ( 47 414 ) 100 
351: 162 
352: 290 740 36 117 
353: 239 593 660 
354: 52 825 
355: 602 462 
356: ( 264 197 ) 467 
357: 
358: 303 922 
359: 560 606 285 541 
360: 925 185 870 
361: 817 862 684 169 
362: 461 940 
363: 773 212 293 398 285 
364: 404 801 ( 343 834 ) 62 
365: 375 138 801 632 
366: 886 
367: 615 932 
368: 87 159 
369: 127 909 693 355 729 727 
370: 829 481 757 
371: 164 650 876 606 ( 799 109 ) ( 456 85 ) 
372: 493 781 527 
373: 595 912 
374: 483 30 
375: 514 404 891 
376: 389 410 548 
377: 924 
378: 355 ( 370 354 ) 18 
379: 352 
380: 390 
381: 
382: 518 425 429 927 449 134 792 188 
383: 643 365 
384: 
385: 
386: 859 74 448 570 
387: 321 150 37 481 429 
388: 38 344 
389: 628 128 161 377 
390: 497 
391: 169 
392: 431 447 671 
393: 944 22 
394: 874 
395: 574 
396: 146 
397: 11 812 
398: 
399: 602 493 
400: 
401: 785 978 784 347 377 
402: 581 529 382 645 
403: 229 
404: 923 686 
405: 87 
406: 
407: 854 
408: 175 23 
409: 26 
410: 99 ( 225 153 ) 370 691 
411: ( 452 15 ) 308 544 450 269 
412: ( 1 73 ) 
413: 912 ( 410 495 ) 394 
414: 858 991 879 180 1000 152 772 711 
415: 287 
416: 780 
417: 898 
418: 489 754 
419: 350 374 
420: 535 12 
421: 368 
422: 924 
423: 
424: 792 211 
425: 267 321 160 586 645 867 82 
426: ( 244 111 ) 86 416 991 
427: 307 
428: 616 349 121 129 197 45 626 
429: 320 124 55 
430: 596 623 552 558 424 957 
431: 
432: 398 514 403 
433: 235 552 318 
434: 412 
435: 484 
436: 
437: 876 
438: 450 522 702 
439: 503 ( 389 689 ) 
440: 
441: 86 
442: 327 6 746 208 38 
443: 
444: 32 459 836 
445: 272 452 965 780 
446: 191 
447: 
448: 711 99 48 761 137 
449: 250 
450: 
451: 450 187 104 ( 386 265 ) 
452: 50 503 561 
453: 333 591 
454: 686 758 
455: 398 603 
456: 945 169 378 412 
457: 
458: 367 977 127 
459: 908 435 329 726 
460: 
461: 855 334 900 
462: 691 710 201 
463: 165 255 225 
464: 609 
465: 
466: 
467: 224 
468: 
469: 356 248 322 94 
470: 711 786 344 781 
471: 16 655 
472: 45 
473: 3 
474: 981 219 269 106 
475: 631 699 351 580 ( 58 315 ) 858 
476: 872 340 876 992 
477: 125 964 156 642 
478: 877 
479: 628 87 
480: 127 
481: 340 ( 102 197 ) 519 
482: 868 839 
483: 667 930 855 425 
484: 
485: 103 
486: 409 162 447 742 521 225 44 
487: 991 439 
488: 103 249 
489: 575 412 163 464 128 
490: 265 577 363 433 
491: 
492: 
493: 
494: 506 141 880 696 281 
495: 
496: 911 818 
497: 162 396 374 
498: 866 
499: 452 350 
500: 833 904 
501: 735 262 ( 264 194 ) 227 
502: 
503: 460 722 731 
504: 
505: 
506: 730 334 846 597 67 
507: 795 
508: 
509: 346 
510: 564 825 377 
511: 959 294 
512: 891 540 
513: ( 198 528 ) 
514: 
515: 26 
516: 
517: 359 902 
518: ( 245 599 ) 901 11 272 
519: 553 798 
520: 
521: 
522: ( 251 166 321 ) 354 691 
523: 566 
524: 
525: 51 691 
526: 358 
527: 
528: 724 334 395 288 8 
529: 185 636 289 
530: 541 843 722 
531: ( 139 692 ) 
532: 161 866 
533: 16 787 
534: 176 379 ( 845 404 ) 694 
535: 
536: 814 844 978 583 579 321 
537: 217 558 679 
538: 424 816 378 
539: 791 
540: 983 547 249 315 
541: 344 
542: 
543: 199 631 114 144 639 309 587 ( 623 198 ) 
544: 542 
545: 262 489 642 
546: 
547: 407 
548: 681 850 50 
549: 831 138 802 229 ( 75 917 ) 829 
550: 839 512 58 
551: 138 
552: 189 
553: 
554: 593 577 ( 480 724 ) 749 300 288 
555: 
556: 
557: ( 329 197 ) 
558: 553 367 
559: 
560: 64 62 863 
561: ( 644 335 ) 703 572 450 
562: 6 829 175 5 
563: 288 705 371 728 
564: 777 
565: 786 
566: 
567: 527 395 212 557 963 
568: 228 844 516 
569: 580 
570: 898 912 
571: 
572: 
573: 834 
574: 853 652 
575: 334 837 36 
576: 377 ( 320 779 ) 642 281 
577: 
578: 97 
579: 468 ( 791 869 ) ( 912 103 ) 
580: ( 120 82 ) 894 752 637 787 
581: 964 12 776 904 
582: 285 374 
583: 184 
584: 642 663 
585: 798 62 ( 857 651 703 ) 873 
586: 503 345 
587: 914 ( 152 383 ) 
588: 620 ( 252 78 ) ( 732 685 ) 940 
589: 744 750 372 397 
590: 
591: 324 
592: 990 286 519 933 719 
593: 132 ( 51 711 ) 465 256 905 
594: 117 206 902 
595: 123 16 940 
596: 356 389 
597: 197 
598: ( 845 919 ) 610 
599: 
600: 
601: 72 
602: 829 
603: 165 
604: 878 252 942 87 
605: 473 83 128 113 729 147 698 
606: 743 ( 943 359 ) 523 958 ( 400 602 290 ) 
607: 558 423 
608: 836 264 
609: 702 382 10 940 25 948 
610: 189 290 795 
611: 606 
612: 423 
613: 
614: 
615: 921 773 769 
616: 449 733 831 291 
617: 575 
618: 878 551 46 
619: 825 666 75 
620: 925 990 752 
621: 182 
622: 317 
623: 129 178 512 
624: 928 
625: 321 
626: 707 
627: 833 
628: 
629: 660 32 
630: 422 291 509 192 
631: 728 663 970 
632: 542 746 125 
633: 
634: 727 818 ( 922 523 ) 896 
635: 20 955 414 
636: 712 667 239 765 
637: 658 553 624 
638: 74 
639: 169 
640: 574 168 287 982 
641: 894 841 353 888 
642: 
643: 773 332 
644: 702 836 977 
645: 660 844 125 949 128 231 
646: 36 275 ( 927 586 ) 
647: 349 879 
648: ( 254 26 ) 912 
649: 449 36 
650: 136 510 
651: 489 
652: 954 318 856 
653: 583 
654: 758 878 100 773 
655: 
656: 
657: 8 390 97 363 
658: 857 807 75 
659: 869 307 387 ( 857 503 ) 132 
660: 757 123 908 842 
661: 741 ( 169 459 ) 
662: 915 165 
663: 870 283 272 530 877 
664: 50 552 
665: 239 
666: 253 805 
667: 448 
668: 677 
669: 109 
670: 128 389 
671: 503 ( 23 252 ) 
672: 404 368 312 863 ( 360 197 ) 348 884 
673: 163 243 277 
674: 
675: 58 
676: 902 
677: 497 
678: 724 
679: 752 32 833 933 702 194 
680: 
681: 766 315 757 
682: 313 926 527 673 460 610 
683: 287 
684: 794 257 241 62 
685: 
686: 811 747 339 992 835 
687: 401 439 908 
688: 183 
689: 
690: 339 873 525 
691: 
692: 887 125 
693: 189 212 405 822 182 362 
694: 443 
695: 96 
696: 213 304 411 
697: 870 588 
698: 287 ( 989 601 ) 504 135 610 
699: 
700: 899 
701: 332 670 401 321 
702: ( 924 25 ) 757 315 
703: 680 
704: 
705: 297 324 
706: 904 666 658 
707: 937 135 
708: 307 605 371 
709: ( 770 531 877 426 ) 206 
710: 37 
711: 673 266 
712: 
713: 113 563 770 868 
714: 463 225 
715: 263 ( 24 57 ) 
716: 288 912 125 
717: 
718: 59 312 
719: 969 904 321 825 811 
720: ( 591 155 ) 307 ( 454 125 ) 407 
721: 84 140 ( 150 636 769 796 ) 
722: 205 166 3 
723: ( 407 239 ) 304 676 
724: 240 187 
725: 520 
726: 70 795 
727: 106 610 683 609 
728: 995 827 
729: 229 372 558 198 
730: 
731: 
732: 446 558 
733: 
734: 
735: 438 
736: 925 785 861 
737: 863 
738: 
739: 
740: 219 
741: 205 
742: 239 
743: 635 149 
744: 728 79 
745: 130 286 
746: 994 
747: 
748: 78 558 
749: 648 
750: 385 869 
751: 
752: 94 964 141 435 811 
753: 216 
754: 
755: 287 414 339 154 583 323 221 
756: 
757: 795 
758: 740 619 90 
759: 718 902 
760: 141 777 46 115 
761: 740 
762: ( 49 882 45 ) 
763: 575 
764: 86 45 452 148 
765: 208 238 928 447 ( 239 182 ) 
766: 376 471 358 840 104 507 144 610 
767: 140 874 
768: 110 601 715 
769: 648 ( 595 493 ) 
770: 575 99 125 ( 190 339 ) 
771: 799 906 812 749 577 
772: 533 371 
773: 542 94 
774: 227 602 
775: 165 ( 934 914 ) 854 160 
776: 
777: 
778: 426 
779: ( 329 741 ) 
780: 
781: 288 754 382 833 256 
782: 914 378 123 354 
783: 858 
784: 477 774 197 
785: ( 965 229 ) 635 285 
786: 187 877 994 252 938 
787: 
788: 
789: 946 918 743 477 
790: 
791: 879 
792: 780 695 738 413 
793: 201 
794: 350 668 251 212 
795: 868 
796: 318 
797: 626 
798: 544 
799: 
800: 330 31 972 948 
801: 
802: 552 309 594 230 724 
803: 745 618 512 
804: 374 
805: 17 372 386 
806: 3 
807: 423 160 940 465 540 135 
808: 930 972 932 
809: 
810: 
811: 478 407 527 743 22 303 44 
812: 
813: 586 757 
814: ( 702 606 ) 125 246 711 
815: 712 319 
816: 631 995 
817: 818 404 26 
818: 745 
819: 107 691 447 18 632 
820: 
821: 280 ( 612 62 ) 
822: 
823: 
824: 385 
825: 229 949 52 
826: 336 ( 118 198 ) 884 221 
827: 964 
828: 304 490 
829: 189 435 
830: 751 23 65 51 602 184 
831: 
832: ( 963 503 ) 682 643 145 502 
833: 18 60 940 474 13 981 
834: 308 
835: 392 196 
836: 586 
837: 3 
838: 707 335 
839: 932 310 622 646 815 217 
840: 240 865 792 81 
841: 876 385 745 
842: 210 383 104 
843: 
844: 222 107 324 
845: 381 768 16 1000 
846: 
847: 
848: 241 110 746 
849: 
850: 893 
851: 
852: 339 899 
853: 824 87 
854: 978 553 102 
855: 982 876 268 134 756 626 
856: 918 81 
857: 283 631 
858: 130 788 
859: 324 
860: 375 
861: 426 378 314 
862: 175 632 311 
863: 306 936 904 579 970 
864: 945 
865: 140 642 363 
866: 164 851 
867: 358 337 973 503 970 
868: 
869: 
870: 795 
871: 84 902 791 332 
872: 973 45 
873: 959 686 754 ( 857 325 ) 114 865 
874: 217 845 85 
875: 33 ( 835 246 ) 296 
876: 900 425 606 
877: 219 213 387 
878: 423 522 
879: 
880: 510 471 340 
881: 225 
882: 354 
883: 634 920 27 227 
884: 
885: 407 69 868 
886: 135 102 395 433 32 424 
887: 377 851 208 763 289 931 752 
888: 304 ( 91 265 ) 
889: 
890: 167 239 389 972 760 
891: ( 333 834 ) 
892: 28 
893: 285 982 435 268 
894: 
895: 
896: 
897: 951 
898: 
899: 64 796 67 
900: 160 
901: 79 
902: 672 755 315 430 622 518 
903: 759 
904: 
905: 492 439 955 
906: 921 48 
907: 277 577 590 
908: 
909: 
910: ( 208 732 ) 312 
911: 632 
912: 908 49 232 
913: 336 
914: 
915: 581 548 223 770 
916: 77 
917: 278 
918: ( 691 224 128 ) 145 891 957 
919: 966 512 45 
920: 855 ( 597 854 ) 913 
921: 924 833 832 881 
922: 111 868 
923: 389 196 316 625 910 
924: 412 
925: 286 
926: 214 622 316 230 303 
927: 873 832 689 
928: ( 513 404 ) 
929: 983 604 454 
930: 618 16 550 
931: 987 671 
932: 
933: 832 784 383 
934: 579 49 135 
935: 770 925 217 487 741 
936: 
937: 321 682 
938: 113 
939: 265 
940: 
941: 
942: 232 
943: 564 277 127 900 877 364 ( 577 991 ) 
944: 45 801 
945: 578 
946: 
947: 75 
948: 53 34 592 346 
949: 350 804 508 572 
950: 
951: 564 610 652 602 
952: 253 884 421 667 
953: 38 
954: 225 932 
955: 918 17 
956: 341 583 
957: 741 473 310 68 927 162 
958: 933 ( 445 284 ) 805 553 824 
959: 464 ( 492 680 984 ) 700 392 940 560 
960: 545 433 123 264 221 94 
961: ( 730 990 ) 780 73 
962: ( 549 489 ) 
963: 469 455 692 867 
964: 315 ( 115 810 ) 49 
965: 383 
966: 668 702 764 545 
967: 925 977 
968: 32 
969: 
970: 852 92 626 604 
971: 
972: 321 197 747 ( 30 765 ) 870 488 ( 732 758 ) 619 200 ( 339 142 ) 
973: 319 70 
974: 84 425 196 
975: 857 139 384 520 606 
976: 686 708 140 600 ( 97 168 ) 
977: 774 763 59 
978: 156 423 981 
979: 594 296 304 
980: 387 268 989 780 
981: 550 558 494 
982: 924 592 895 
983: 978 870 
984: 326 781 ( 180 864 ) 23 
985: 837 
986: 681 731 318 553 
987: 794 
988: 869 21 100 477 
989: 8 853 ( 161 658 ) 369 990 
990: 922 593 735 891 671 
991: 
992: ( 439 290 ) 183 
993: 105 949 
994: 134 421 
995: 
996: ( 333 129 ) 
997: 507 
998: 991 144 579 100 198 
999: 164 576 257 389 476 
1000: 

1: ( 412 330 223 ) 
2: 
3: 473 722 837 257 73 806 
4: 
5: 105 562 
6: 442 562 
7: 
8: 657 528 989 
9: 
10: 609 
11: 397 217 518 
12: 420 581 343 
13: 833 
14: 
15: 313 411 
16: 471 ( 595 127 ) 845 930 269 533 
17: 805 955 
18: ( 378 833 ) 819 
19: 
20: 635 
21: 183 59 988 
22: 213 811 393 
23: 984 408 ( 830 33 ) 671 
24: 145 281 143 715 
25: 609 ( 53 702 ) 
26: 235 515 817 648 409 
27: 94 883 247 
28: 892 
29: 258 123 
30: 374 13 972 ( 119 229 ) 
31: 800 
32: 152 127 886 968 444 629 ( 679 56 ) 
33: 132 294 319 875 
34: 948 
35: 
36: 575 649 646 352 
37: 710 387 
38: 388 ( 953 442 ) 
39: 
40: 
41: 
42: 217 
43: 186 
44: 186 811 ( 268 486 ) 
45: 762 428 872 764 130 944 ( 472 919 ) 
46: 618 760 
47: 185 350 
48: 448 906 
49: 311 762 964 239 912 934 
50: 452 548 122 664 
51: 830 593 525 
52: 825 281 63 354 
53: 948 228 
54: 349 
55: 429 199 39 126 
56: 
57: 715 30 305 
58: 675 475 550 
59: 93 145 718 977 
60: 213 234 833 
61: 203 
62: ( 684 15 ) 585 364 560 821 
63: 
64: 899 ( 560 203 ) 
65: 176 6 830 
66: 56 
67: 899 506 
68: 957 
69: 885 
70: 286 41 973 726 20 
71: 31 
72: 601 41 152 
73: ( 961 412 ) 
74: 638 386 
75: 947 619 ( 549 658 ) 
76: 54 5 
77: 916 217 
78: 748 588 
79: 744 295 901 
80: 
81: 840 314 856 
82: 204 425 ( 182 580 ) 111 
83: 605 
84: 721 974 871 
85: 195 371 874 241 
86: 764 426 441 
87: 853 604 368 405 479 341 
88: 
89: 148 116 
90: 63 758 
91: 77 888 26 
92: 970 7 
93: 
94: 752 960 ( 469 773 ) 
95: 
96: 147 695 
97: 578 251 657 976 
98: 
99: 770 448 410 
100: ( 998 40 ) 180 988 350 654 
101: 
102: 481 ( 854 886 ) 
103: 579 488 485 
104: 451 ( 842 766 ) 
105: 42 993 
106: 192 727 185 207 474 
107: 819 88 844 
108: 302 
109: 6 59 371 ( 68 195 ) 171 299 669 
110: 848 768 
111: 426 922 
112: 
113: 938 186 713 605 348 
114: 30 873 543 
115: 964 201 760 287 
116: 11 
117: 352 42 594 
118: 826 
119: 333 160 
120: 580 
121: 428 
122: 194 292 
123: 660 595 960 782 
124: 162 429 
125: 770 720 206 632 814 645 313 477 716 692 
126: 
127: ( 111 458 ) 369 312 943 ( 480 289 ) 
128: 389 645 918 ( 238 605 ) ( 489 670 ) 
129: 996 428 623 
130: 36 ( 858 55 ) 745 
131: 
132: 593 659 198 
133: 168 311 
134: 25 75 318 994 382 855 
135: 698 934 886 328 707 807 
136: 243 153 650 50 
137: 448 
138: 551 37 365 549 
139: 975 531 
140: 976 865 721 767 
141: 494 760 152 752 
142: 972 
143: 
144: 998 260 ( 543 766 ) 239 
145: 832 918 250 
146: 396 
147: 605 311 
148: 20 764 
149: ( 182 743 ) 178 242 
150: 387 721 
151: 249 
152: 262 78 587 414 199 
153: 112 410 
154: 755 
155: 224 720 264 
156: ( 233 477 978 ) 
157: 256 
158: 
159: 368 220 149 327 
160: 270 775 ( 900 425 ) 807 286 
161: 989 389 532 
162: ( 486 497 ) 957 351 
163: 673 312 489 
164: 999 ( 371 866 ) 350 313 207 
165: 463 775 603 662 211 
166: 522 722 
167: 890 
168: 640 976 
169: 391 ( 13 639 ) 456 361 239 661 
170: 
171: 
172: 
173: 
174: 
175: 408 862 562 
176: 134 534 
177: 193 
178: 623 37 
179: 
180: 414 125 984 40 
181: 205 
182: 693 765 621 209 
183: 992 688 
184: 583 830 
185: 360 529 
186: 47 
187: 451 786 724 
188: 382 170 
189: 610 264 693 176 552 829 
190: 770 
191: 27 192 446 
192: 630 
193: 113 298 
194: 679 501 
195: 113 
196: 148 ( 835 974 ) 247 923 
197: ( 597 428 ) 356 784 557 481 972 672 
198: 513 ( 543 826 ) 998 251 729 
199: 543 
200: 99 323 972 
201: 462 311 793 
202: 
203: 
204: 
205: 741 722 
206: 100 ( 594 709 ) 
207: 
208: 910 ( 765 442 ) 887 
209: 115 
210: 842 
211: 424 1 270 
212: 794 280 ( 693 363 ) 567 
213: 696 56 877 240 
214: 85 926 63 
215: 29 
216: 753 
217: 935 537 839 295 874 
218: 
219: 474 740 877 201 
220: 
221: 755 ( 960 826 ) 
222: 844 
223: 915 
224: 918 467 
225: 410 463 881 714 486 954 
226: 132 
227: 883 ( 774 501 ) 
228: 176 568 232 
229: 270 ( 549 825 ) 403 729 219 785 
230: 926 802 
231: 645 233 
232: ( 912 942 ) 232 
233: 
234: 
235: 433 235 
236: 
237: 229 
238: 765 
239: ( 353 173 ) 890 765 ( 723 665 ) 742 636 
240: 724 840 117 
241: 684 848 
242: 283 289 
243: 673 8 
244: 163 426 
245: 518 267 
246: 299 814 138 875 
247: 
248: 469 
249: 540 488 
250: 449 128 
251: 794 522 
252: 786 588 4 92 95 604 671 
253: 952 666 159 253 
254: 648 
255: 170 463 
256: 593 781 
257: ( 999 684 ) 
258: 
259: 
260: 213 
261: 92 
262: ( 501 545 ) 
263: 715 
264: 608 501 960 356 
265: 490 888 939 451 
266: 87 711 33 
267: 425 
268: 980 ( 855 893 ) ( 182 180 ) 199 
269: 474 411 
270: 195 
271: 118 219 
272: 518 ( 663 445 ) 
273: 
274: 
275: 231 646 47 
276: 19 
277: 240 943 907 673 
278: ( 917 146 ) 75 271 236 
279: 
280: 821 
281: 576 494 
282: 
283: 663 857 333 
284: 958 
285: 363 785 893 197 69 359 582 
286: 241 146 745 925 592 220 
287: ( 683 755 ) 640 698 415 
288: 554 274 563 2 716 528 781 
289: 887 8 529 
290: 992 93 352 606 610 
291: 630 616 
292: 
293: 363 
294: 511 
295: 
296: 37 875 979 
297: 705 311 
298: 
299: 
300: 554 169 281 
301: 
302: 148 
303: 811 180 926 358 81 
304: 888 57 723 828 696 338 979 65 
305: 198 113 98 
306: 863 182 
307: 313 720 708 427 ( 659 176 ) 
308: 411 100 834 
309: 543 802 186 
310: 839 85 2 957 
311: 862 96 
312: 672 718 910 
313: 682 
314: 861 
315: ( 540 902 ) 702 315 964 475 681 
316: 923 926 
317: 622 
318: 796 132 652 433 28 986 30 
319: 815 302 92 128 973 
320: 576 225 108 429 
321: 192 719 425 387 ( 522 701 ) 12 937 272 ( 972 625 ) 536 
322: 469 173 
323: 755 126 
324: 705 844 859 591 
325: 873 
326: 111 54 148 984 
327: 442 
328: 312 
329: 253 281 459 44 557 779 
330: 800 
331: 182 126 300 
332: 701 643 871 
333: 276 996 891 453 224 
334: 76 198 506 575 528 461 270 139 
335: 838 ( 561 105 ) 
336: 913 826 95 
337: 867 235 
338: 
339: 755 852 158 770 972 690 686 
340: ( 476 228 ) 880 75 481 
341: 956 251 
342: 
343: 38 364 
344: 388 541 470 
345: 586 
346: 509 948 
347: 401 183 226 300 
348: 672 
349: 428 647 
350: 419 949 499 794 
351: 475 
352: 36 379 
353: 641 
354: 882 782 522 378 
355: 369 378 
356: 241 ( 596 469 ) 
357: 343 208 
358: ( 526 30 88 867 ) ( 766 115 ) 
359: 89 517 105 606 
360: 672 
361: 
362: ( 318 693 ) 
363: 865 490 264 657 
364: 943 
365: 33 383 
366: 
367: 458 558 3 
368: 421 672 
369: ( 989 186 ) 
370: 378 410 
371: 563 772 72 708 
372: ( 729 40 ) 77 18 ( 805 589 ) 
373: 
374: ( 804 497 ) ( 419 582 22 ) 
375: 860 307 365 ( 241 348 ) 105 
376: 766 
377: 115 389 510 401 274 576 887 
378: 861 ( 456 191 ) 782 538 
379: 534 
380: 
381: 845 223 
382: 609 781 402 
383: 842 ( 587 232 ) 965 933 
384: 34 975 
385: 841 750 824 
386: 311 328 116 ( 451 87 ) 805 
387: 980 ( 659 877 ) 
388: 
389: 890 923 670 596 439 ( 281 376 ) 91 5 999 65 
390: 239 657 380 
391: 
392: 959 835 
393: 20 
394: 413 
395: 886 567 528 
396: 159 497 
397: 589 305 
398: 6 ( 363 455 ) 432 
399: 
400: 5 606 
401: 687 701 36 
402: 
403: 50 432 199 
404: 375 672 534 817 364 928 221 
405: 693 
406: 
407: 720 723 885 547 811 
408: 
409: 486 311 233 182 
410: 376 75 413 
411: 696 
412: 289 8 924 489 250 456 434 
413: 100 106 792 
414: 350 283 ( 635 755 ) 
415: 
416: 426 
417: 
418: 
419: 
420: 
421: 952 994 
422: 630 ( 248 34 ) 65 209 
423: ( 612 346 ) 807 82 878 52 978 607 
424: 538 247 430 886 
425: 132 382 483 974 313 876 138 
426: 778 861 152 709 
427: 
428: 326 
429: 382 387 
430: 902 
431: 392 232 
432: 
433: 490 181 960 143 886 
434: 
435: 752 459 829 893 ( 93 199 ) 
436: 93 329 
437: 
438: 735 
439: 992 905 487 687 
440: 214 
441: 
442: 
443: 694 104 
444: 
445: 958 
446: 732 
447: 392 283 106 203 765 819 486 
448: 386 667 
449: 616 117 245 382 49 134 270 649 
450: 438 ( 561 411 ) 451 
451: 149 176 
452: 499 445 764 411 
453: 
454: 929 720 
455: 97 168 963 24 
456: 284 371 
457: 226 
458: 82 
459: 661 112 444 
460: 503 682 
461: 362 
462: 355 144 
463: 714 
464: 7 489 167 959 
465: 807 127 593 71 
466: 67 65 251 306 120 329 
467: 356 
468: 257 ( 579 98 ) 78 
469: 963 239 
470: 
471: 766 880 
472: 314 
473: 957 605 
474: 92 75 833 
475: 
476: 999 343 
477: ( 784 789 ) 988 
478: 811 
479: 
480: 83 92 126 554 
481: 370 387 ( 36 50 ) 
482: 
483: 222 336 374 269 
484: 43 193 435 
485: 
486: 
487: 935 
488: 972 
489: 545 333 ( 962 418 ) 651 
490: 828 
491: 
492: 959 905 
493: 399 769 200 372 
494: 69 981 160 
495: 413 94 56 87 
496: 
497: 160 677 390 264 
498: 
499: 
500: 
501: 
502: 832 
503: 832 452 319 671 867 659 586 93 439 
504: 698 96 
505: 126 
506: ( 494 251 151 ) 
507: 997 766 
508: 306 949 
509: 630 264 
510: ( 880 650 ) 
511: 
512: 623 550 803 919 
513: 106 928 
514: 105 200 42 375 432 311 
515: 
516: 568 259 94 
517: ( 284 54 ) 139 
518: 902 205 382 
519: 481 592 
520: 725 975 
521: 486 
522: ( 143 199 ) 438 878 
523: 106 606 634 
524: 56 
525: 690 
526: 
527: 32 682 567 298 372 811 
528: 513 
529: 402 
530: 663 
531: 709 
532: 
533: 772 
534: 171 
535: 144 ( 420 152 ) 
536: 170 
537: 
538: 
539: 
540: ( 512 95 ) 230 807 
541: 530 120 359 
542: 223 773 544 632 238 
543: 54 
544: 66 411 798 
545: 966 136 33 960 
546: 
547: 285 ( 35 27 ) 540 
548: 59 376 260 915 
549: 962 
550: 264 981 ( 930 305 ) 
551: 330 618 
552: 664 802 433 148 430 
553: ( 986 958 ) 637 519 854 130 558 
554: 
555: 
556: 
557: 567 
558: ( 729 732 537 430 ) 607 981 748 
559: 
560: 143 959 359 
561: 452 
562: 
563: 713 
564: 510 943 173 951 289 77 
565: 213 
566: 523 
567: 151 
568: 
569: 
570: 386 
571: 
572: 329 ( 177 561 ) 949 
573: 
574: ( 395 166 ) 125 ( 640 221 ) 329 237 
575: ( 763 489 770 ) 617 
576: ( 225 999 ) ( 287 33 ) 192 
577: 554 490 943 907 771 
578: 171 88 945 
579: 42 536 863 934 274 998 
580: 475 569 210 291 
581: 915 97 402 
582: 
583: 536 114 755 956 653 
584: 
585: 96 
586: 646 425 836 813 271 
587: 543 
588: 65 697 299 
589: 
590: 195 907 
591: 720 155 453 
592: 213 41 948 982 21 
593: 343 255 990 554 353 
594: 979 802 
595: 171 373 769 
596: 430 
597: 288 920 506 
598: 
599: 518 75 
600: 976 
601: ( 698 768 ) 300 
602: 355 774 951 399 606 830 
603: 455 
604: ( 970 929 ) 
605: 80 44 708 
606: 611 202 814 975 876 371 20 359 
607: 154 299 
608: 
609: 464 727 ( 187 192 ) 
610: 206 766 951 698 727 682 262 598 
611: 
612: 821 
613: 
614: 
615: 367 
616: ( 59 428 ) 
617: 
618: 930 167 803 
619: 30 972 143 758 
620: ( 588 259 ) 
621: 
622: ( 926 902 ) 839 
623: 430 543 
624: 31 637 
625: 923 
626: 970 274 ( 797 247 ) 855 428 
627: 
628: 186 479 389 
629: 
630: 
631: ( 543 857 ) 816 475 33 
632: 365 911 862 819 
633: 
634: 883 
635: 743 785 
636: 92 529 182 721 
637: 580 
638: 87 
639: 543 157 
640: 
641: 106 
642: 477 865 81 545 584 576 
643: ( 77 832 383 ) 
644: 561 318 
645: 425 402 
646: 839 
647: 53 
648: 769 171 749 
649: 
650: ( 371 175 ) 
651: 585 
652: 574 951 
653: 
654: 
655: 471 
656: 
657: 272 
658: 706 989 297 158 637 101 
659: 224 
660: 163 353 645 629 
661: 
662: 
663: 584 631 
664: 324 
665: 
666: 706 316 619 
667: 299 275 952 636 483 
668: 794 966 178 45 
669: 
670: 701 
671: 990 392 931 
672: 160 902 
673: 199 711 682 
674: 121 113 
675: 
676: 723 
677: 668 264 
678: 
679: 537 
680: 32 959 50 ( 83 703 ) 280 
681: 986 548 
682: 177 ( 77 937 832 ) 207 
683: 727 
684: 361 
685: 588 
686: 976 873 250 404 454 9 
687: 
688: 
689: 439 927 
690: 298 
691: 819 ( 918 410 ) 522 525 462 
692: 531 963 
693: 91 369 
694: 534 213 
695: 792 2 
696: 494 
697: 170 
698: 605 
699: 475 342 67 
700: 33 959 
701: 
702: 679 814 438 644 609 966 
703: 561 585 
704: 
705: 563 
706: 
707: 838 80 626 
708: 323 ( 150 305 ) 211 976 
709: 197 
710: 462 
711: 593 69 414 448 470 814 
712: 636 815 
713: 
714: 61 
715: 6 305 768 
716: 
717: 218 13 
718: 759 275 
719: ( 592 247 ) 
720: 
721: 
722: 503 530 
723: 
724: 802 235 678 554 528 
725: 184 
726: 459 
727: 171 369 634 270 
728: 563 236 ( 631 744 242 ) 
729: 187 308 369 605 
730: ( 961 5 ) 506 211 
731: 185 986 503 311 
732: 972 ( 910 53 ) 588 
733: 616 
734: 41 
735: 501 990 
736: 
737: 22 
738: 87 ( 792 98 ) 262 200 
739: 
740: 352 ( 758 761 ) 
741: 661 ( 239 935 153 ) 779 957 
742: 486 108 
743: 54 606 789 811 
744: ( 589 276 ) 
745: 818 333 ( 81 803 ) 841 
746: 848 108 94 632 442 3 
747: 972 ( 686 116 ) 
748: 
749: 554 771 
750: 589 
751: 22 830 
752: 887 254 679 620 ( 580 211 ) 105 
753: 43 ( 258 2 ) 
754: 270 247 ( 873 418 ) 781 
755: 902 209 341 
756: 855 
757: 813 681 702 185 370 660 
758: 972 454 654 
759: ( 278 51 ) 903 
760: 32 890 
761: 448 26 
762: 
763: 196 316 ( 977 887 ) 
764: 966 168 
765: 972 636 319 
766: 91 239 681 
767: 13 69 228 
768: ( 845 94 ) 
769: ( 615 721 ) 56 
770: 935 713 709 915 
771: 
772: 414 
773: 654 ( 615 643 ) 247 363 
774: 18 282 270 784 187 977 
775: 
776: 581 
777: 105 564 760 317 282 
778: 
779: 576 328 
780: 229 792 980 292 445 ( 961 416 ) 
781: 470 372 984 
782: 68 
783: 56 
784: 401 933 
785: 401 736 160 
786: 33 565 68 470 
787: 580 533 
788: 250 858 
789: 
790: 
791: 579 539 22 871 324 
792: 382 287 424 840 
793: 69 
794: ( 47 987 ) 100 684 
795: 610 870 507 726 757 
796: 899 162 243 721 96 
797: 262 
798: 585 519 
799: ( 371 771 ) 
800: 
801: 365 342 364 944 
802: 549 
803: 
804: 949 120 276 
805: 958 666 191 113 
806: 203 
807: 658 192 
808: 
809: 349 
810: 256 964 
811: ( 686 752 ) 719 
812: 771 397 
813: 
814: 536 
815: 839 
816: ( 538 319 ) 
817: 361 
818: 817 634 496 
819: 273 4 13 
820: 
821: 
822: 693 
823: 
824: 958 77 853 
825: 719 619 510 354 
826: 2 
827: 12 42 728 
828: 
829: 562 602 549 370 
830: 
831: 42 616 271 549 243 56 
832: 176 927 132 933 ( 921 61 ) 217 
833: 921 122 627 500 243 210 679 781 
834: 573 58 891 364 
835: 186 170 ( 686 875 ) 
836: 644 207 444 608 40 108 
837: 985 20 271 575 
838: 195 
839: 550 482 
840: 766 
841: ( 281 641 ) 97 
842: 116 660 224 
843: 530 
844: 536 568 645 
845: 534 874 598 304 
846: 506 
847: 
848: 
849: 
850: 548 
851: 866 265 887 
852: 140 970 
853: 574 989 
854: 775 920 407 
855: 65 483 41 920 461 
856: 652 
857: 659 585 873 975 658 
858: 113 414 21 ( 783 475 ) 68 
859: 190 386 
860: 
861: 736 248 224 
862: 361 
863: 672 737 560 255 
864: 24 984 
865: 873 840 
866: 498 532 
867: 425 ( 963 200 ) 
868: ( 885 251 ) ( 922 795 482 ) 344 713 
869: 750 659 101 317 988 579 
870: ( 360 663 ) 972 983 697 
871: 
872: 476 
873: ( 690 927 ) 585 
874: 394 767 
875: 
876: 841 437 371 855 476 
877: 663 478 709 943 786 
878: 604 618 12 654 
879: 647 791 414 
880: 494 
881: 921 61 
882: 762 
883: 146 
884: ( 952 672 ) 826 
885: 
886: 264 116 366 
887: 692 
888: 641 
889: 45 
890: 
891: 138 512 990 918 88 ( 375 85 ) 
892: 
893: 850 
894: ( 77 241 ) 641 580 21 
895: 982 
896: 634 
897: 
898: 570 240 65 417 
899: 700 206 158 852 
900: 45 461 943 876 
901: 518 251 
902: 27 871 ( 594 210 117 ) 676 65 517 759 
903: 68 
904: 224 ( 242 706 ) 581 ( 500 719 ) 863 
905: 262 593 
906: 257 ( 72 771 ) 
907: 204 
908: 459 687 55 912 144 660 65 
909: 369 
910: 15 923 326 
911: 496 30 
912: 579 716 413 648 373 570 
913: 920 
914: 782 587 12 775 
915: 662 
916: 
917: 549 
918: 955 341 70 856 789 
919: ( 34 72 ) 259 598 
920: 883 
921: 266 615 906 
922: 270 358 990 634 
923: 332 404 
924: 921 982 ( 142 702 ) 422 377 120 
925: 360 967 620 935 736 
926: 682 305 
927: 382 646 86 957 
928: 765 624 
929: 
930: 54 808 483 182 
931: 887 
932: 839 267 954 64 367 808 
933: 679 958 592 
934: 775 105 
935: 
936: 863 
937: 707 
938: 786 
939: 
940: 959 595 588 362 83 833 807 609 99 
941: 311 166 ( 271 195 ) 334 
942: 604 149 
943: 208 81 606 
944: 219 393 
945: 456 56 864 
946: ( 21 232 ) 789 
947: 33 
948: 609 800 
949: 645 825 993 
950: 
951: 897 256 
952: 
953: 59 ( 178 167 ) 
954: 652 
955: ( 635 905 ) 21 
956: 
957: ( 918 430 ) 
958: ( 346 606 ) 
959: 873 511 
960: 143 271 
961: 
962: 289 
963: 832 283 567 
964: 59 ( 185 285 ) ( 752 581 223 ) ( 827 477 ) 
965: 445 22 785 
966: 919 
967: 
968: 
969: 719 
970: 863 867 631 
971: 
972: 149 800 808 890 
973: 872 867 
974: 
975: 248 
976: 
977: 458 967 644 
978: 401 ( 854 983 ) 106 536 
979: 225 
980: 
981: 833 327 978 474 150 
982: 893 855 256 44 640 83 
983: ( 249 929 ) 232 540 
984: 959 244 
985: 
986: 207 
987: 931 
988: 82 
989: 698 980 
990: 989 592 961 620 
991: 487 998 426 236 299 943 414 318 
992: 686 476 
993: 
994: 786 746 
995: 816 728 24 
996: 
997: 
998: 
999: 
1000: 44 845 414 78 
