1: ( 9 47 70 40 ) ( 29 69 11 46 66 ) 
2: ( 71 90 29 ) 22 58 34 99 
3: 27 47 
4: ( 38 82 62 ) ( 98 93 4 ) 
5: ( 76 22 14 37 73 28 ) 95 
6: ( 76 89 95 73 ) 12 75 60 
7: 80 ( 30 89 20 4 66 ) 
8: ( 92 66 ) ( 85 63 45 ) 
9: ( 7 85 25 ) ( 83 8 ) 1 5 80 
10: ( 21 71 40 73 86 ) 
11: ( 74 43 60 40 ) 
12: 7 ( 98 64 97 52 ) ( 16 86 ) 43 76 34 
13: ( 95 44 ) 50 1 ( 58 81 39 5 ) 
14: ( 64 90 32 67 70 ) 
15: ( 54 50 11 25 58 88 86 ) 
16: 24 61 ( 55 10 ) 
17: ( 11 88 94 15 73 5 ) 
18: 3 88 ( 27 79 ) 
19: ( 58 59 74 ) 
20: 23 58 
21: 75 81 37 ( 44 87 51 ) ( 34 36 ) 
22: 58 ( 30 29 ) ( 34 28 86 ) 
23: ( 99 41 32 57 7 73 ) 35 
24: ( 36 77 83 96 41 85 20 15 ) 
25: 55 8 ( 95 29 82 ) 14 
26: ( 8 58 70 53 96 ) 
27: 74 2 19 ( 89 39 ) ( 6 67 14 70 ) 
28: ( 15 11 ) 3 34 ( 7 52 ) 
29: 72 26 ( 8 70 61 83 78 ) 
30: 63 84 21 ( 40 53 ) 
31: 56 87 ( 18 98 67 97 40 5 45 ) 
32: ( 25 15 ) 72 32 
33: ( 42 86 ) ( 24 66 ) 25 ( 19 53 ) 
34: 38 62 ( 55 53 ) 
35: 99 ( 76 18 84 16 22 46 87 ) 3 
36: 69 47 ( 24 60 4 39 96 ) 
37: ( 69 34 12 75 28 96 ) 
38: 88 98 ( 17 99 9 37 66 96 ) 50 
39: 82 18 
40: ( 18 56 ) ( 39 28 ) 87 34 89 
41: ( 68 47 84 78 51 28 ) 18 ( 74 30 55 83 ) 
42: 39 56 ( 81 27 ) 
43: 66 9 62 
44: 21 63 ( 31 34 40 10 26 33 ) 
45: ( 64 65 44 25 53 ) 
46: ( 76 6 90 68 79 33 ) 
47: 87 ( 41 44 58 80 13 ) 
48: 48 6 35 45 100 
49: 69 14 ( 2 32 19 ) 
50: 85 26 81 ( 92 95 39 5 86 ) 
51: 72 ( 31 40 10 48 33 45 ) 
52: ( 36 100 23 52 92 71 10 ) 
53: ( 54 68 22 62 78 ) ( 67 5 ) 
54: ( 76 56 13 5 33 ) 
55: ( 49 68 46 47 ) 85 66 
56: ( 71 54 61 27 84 53 ) 
57: ( 10 15 8 ) 
58: ( 65 23 ) ( 21 40 ) 38 ( 43 31 ) 
59: ( 57 42 47 53 ) ( 2 86 ) 
60: ( 1 49 48 ) 33 69 ( 17 75 27 66 ) 13 
61: 7 40 ( 100 23 52 41 43 34 15 ) 
62: 13 ( 59 82 83 80 26 ) 
63: 51 ( 80 39 ) ( 36 3 57 19 ) 
64: ( 12 35 ) ( 54 32 ) 
65: ( 16 89 74 32 ) 
66: ( 59 20 69 ) ( 27 50 ) ( 12 52 ) 
67: 48 94 ( 36 41 99 19 4 52 ) 
68: ( 31 89 59 56 62 96 ) 
69: ( 1 34 7 60 ) 
70: ( 17 50 91 100 79 85 ) 
71: ( 69 62 4 38 ) 70 74 ( 63 79 ) 
72: 61 ( 64 77 ) 
73: ( 40 50 9 ) 79 87 13 78 41 37 
74: ( 18 77 32 85 81 80 ) 17 
75: ( 41 97 81 37 ) 
76: ( 17 40 84 ) ( 59 23 ) 
77: ( 1 44 35 62 45 ) 
78: ( 88 56 23 ) ( 18 74 43 79 33 ) 
79: ( 69 95 37 26 53 ) 
80: ( 75 74 14 ) ( 99 62 69 27 ) 
81: ( 61 60 90 ) 
82: 67 ( 54 100 69 82 25 ) 
83: 93 ( 83 77 15 ) 
84: 63 92 ( 22 57 20 39 ) 
85: ( 54 55 47 85 4 ) 
86: ( 71 95 84 28 ) ( 21 36 54 50 42 73 ) 
87: 5 ( 65 75 34 19 ) ( 57 69 ) 
88: 43 87 47 64 
89: 1 ( 30 32 39 ) 
90: ( 49 62 96 ) ( 7 60 ) 
91: 77 36 ( 15 96 ) ( 50 26 52 ) 
92: ( 80 4 ) 74 
93: 30 ( 6 23 42 61 84 96 ) 
94: 100 80 ( 98 68 23 60 ) 
95: 91 89 ( 27 28 ) 
96: 19 ( 2 4 96 ) ( 43 53 91 ) 
97: ( 29 34 55 60 ) 80 79 ( 49 19 ) 
98: ( 76 8 83 37 26 42 91 86 ) 
99: ( 11 38 63 52 ) 12 ( 36 74 29 8 35 53 28 81 ) 
100: 76 ( 70 63 53 ) 

1: 89 69 77 60 9 13 
2: 27 ( 96 59 49 ) 
3: 18 ( 28 35 63 ) 
4: ( 71 92 ) 4 7 67 85 36 96 
5: ( 9 13 54 53 31 17 50 87 ) 
6: ( 46 48 27 93 ) 
7: ( 23 9 28 12 69 90 61 ) 
8: 57 ( 26 9 ) ( 99 29 25 98 ) 
9: 1 ( 43 38 73 ) 
10: ( 44 16 57 52 51 ) 
11: 15 28 ( 99 17 1 ) 
12: 37 ( 66 99 64 6 ) 
13: 62 73 47 ( 54 60 ) 
14: 5 ( 49 25 27 80 ) 
15: 32 ( 17 24 83 28 61 ) ( 57 91 ) 
16: 35 65 12 
17: ( 38 76 70 74 60 ) 
18: ( 78 35 31 41 40 74 39 ) 
19: 27 ( 49 96 97 67 33 87 63 ) 
20: 7 ( 66 84 24 ) 
21: 86 44 ( 10 30 58 ) 
22: 2 ( 35 84 5 53 ) 
23: 94 ( 52 61 20 ) ( 78 76 58 93 ) 
24: ( 33 16 36 ) 
25: ( 32 82 9 45 33 ) 15 
26: 44 ( 79 91 29 62 50 98 ) 
27: 66 ( 42 95 18 3 56 80 60 ) 
28: 5 ( 99 37 95 86 41 22 40 ) 
29: 99 ( 97 2 ) 25 22 1 
30: ( 41 93 ) 22 89 7 
31: 51 ( 68 44 58 ) 
32: ( 65 89 23 64 49 32 14 74 ) 
33: 51 ( 78 44 46 54 60 ) 
34: 97 69 ( 28 12 44 21 2 22 61 40 ) ( 37 87 ) 
35: ( 77 99 23 64 48 ) 
36: ( 86 99 24 52 ) 67 21 63 91 
37: 75 73 ( 21 38 79 5 98 ) 
38: 58 ( 71 99 34 4 ) 
39: 42 89 13 36 ( 84 50 27 40 63 ) 
40: ( 31 30 ) 44 ( 61 76 ) 73 ( 51 11 ) ( 58 1 ) 10 
41: ( 23 24 47 73 67 75 61 ) 
42: 33 86 ( 59 98 ) 93 
43: 88 ( 96 78 58 ) ( 61 11 12 ) 
44: ( 77 21 13 47 45 ) 
45: ( 77 31 8 48 51 ) 
46: ( 55 1 ) 35 
47: 88 36 ( 3 1 85 55 ) 59 41 
48: 67 ( 48 51 60 ) 
49: 60 55 ( 90 97 ) 
50: ( 38 13 73 66 86 70 15 ) 91 
51: ( 41 21 63 ) 
52: ( 52 99 ) 67 12 ( 66 91 28 61 ) 
53: 56 ( 26 79 45 33 30 ) 59 99 34 100 96 
54: 56 ( 86 53 82 ) 64 ( 85 15 ) 
55: 25 85 41 34 97 16 
56: 31 40 ( 68 78 42 54 ) 
57: ( 59 23 87 ) ( 84 63 ) 
58: 22 ( 20 2 ) ( 47 15 ) ( 13 26 ) 19 
59: 68 66 ( 62 76 19 ) 
60: 90 ( 97 11 69 94 6 ) 81 36 
61: 72 ( 56 16 29 81 93 ) 
62: ( 68 80 ) 4 43 ( 77 90 53 ) 34 71 
63: 8 84 ( 71 44 ) ( 100 99 30 ) 
64: 72 88 ( 14 45 12 ) 
65: ( 45 87 58 ) 
66: 43 8 1 ( 38 7 55 33 60 ) 
67: ( 31 82 14 27 53 ) 
68: 41 ( 55 53 ) ( 94 46 ) 
69: 87 80 60 ( 79 82 49 1 ) 71 36 66 37 
70: 14 71 29 ( 26 1 ) ( 100 27 ) 
71: 86 2 56 ( 52 10 ) 
72: 29 ( 32 51 ) 
73: ( 10 6 ) ( 86 17 23 5 ) 
74: ( 65 78 19 ) 71 41 99 80 ( 27 92 ) 11 
75: ( 37 60 80 ) 21 ( 6 87 ) 
76: ( 100 98 5 ) 35 ( 46 54 6 12 ) 
77: 91 ( 24 83 72 74 ) 
78: 41 29 ( 73 53 ) 
79: ( 78 18 73 71 97 70 46 ) 
80: ( 94 92 9 7 ) 63 ( 97 62 47 74 ) 
81: 21 ( 99 42 13 50 75 74 ) 
82: ( 82 62 25 4 39 ) 
83: ( 98 24 ) ( 41 29 9 83 62 ) 
84: ( 86 41 35 76 30 ) ( 56 93 ) 
85: ( 24 70 85 50 ) 8 ( 55 74 9 ) 
86: 59 33 50 ( 22 10 ) ( 98 12 15 ) 
87: 73 ( 35 47 40 88 ) 31 21 
88: 15 78 38 18 17 
89: 27 95 ( 65 7 6 40 ) 68 
90: ( 2 46 14 81 ) 
91: 95 70 96 98 
92: ( 52 84 50 ) 8 
93: 83 4 
94: 17 67 
95: ( 86 79 13 50 5 6 ) 25 
96: 96 24 90 ( 38 36 37 93 26 68 91 ) 
97: ( 31 75 12 ) 
98: ( 31 38 94 4 12 ) 
99: 80 67 ( 38 23 35 ) 2 
100: 94 ( 70 82 48 52 61 ) 
