1: 100 ( 85 18 90 ) 27 7 36 
2: 6 ( 64 74 1 69 33 ) 58 
3: 23 66 27 58 1 90 
4: 51 ( 90 13 38 78 3 71 75 ) 
5: 19 82 78 ( 75 16 37 ) ( 59 90 ) 
6: ( 91 69 62 34 ) ( 46 65 84 ) 
7: 88 ( 35 69 20 13 ) 
8: 9 63 27 13 
9: 40 48 ( 99 62 34 88 ) 11 4 
10: ( 68 96 ) ( 7 83 73 28 97 20 33 ) 
11: 19 ( 47 64 ) 100 26 67 71 2 
12: ( 21 3 67 40 20 94 ) 
13: ( 7 2 92 44 32 69 80 5 ) 
14: ( 89 49 56 11 10 96 ) 26 
15: 71 ( 36 54 11 53 52 22 14 4 ) 
16: 53 ( 75 37 57 ) 19 40 32 
17: ( 17 9 75 85 7 61 ) ( 21 32 33 ) 
18: ( 6 100 ) ( 63 39 32 ) 73 58 11 
19: 90 ( 44 27 80 83 51 ) 
20: 27 ( 58 3 ) 88 71 
21: ( 59 91 96 ) 
22: ( 12 46 19 ) 39 ( 83 86 ) 
23: ( 99 18 54 52 92 60 20 33 ) 
24: 16 60 25 8 
25: 62 ( 25 5 35 ) 33 ( 59 26 1 ) 
26: 32 24 22 68 ( 54 3 35 2 5 48 ) ( 81 79 ) 
27: 87 ( 41 49 69 83 72 ) 
28: 37 15 ( 98 29 56 53 ) ( 36 64 30 91 ) 
29: ( 44 9 62 13 10 84 ) 
30: ( 50 57 12 25 ) 38 4 52 80 
31: 58 ( 24 15 ) ( 76 30 43 49 95 26 ) 50 
32: 12 37 50 ( 16 56 11 75 10 51 ) 
33: ( 64 65 69 62 22 28 ) 
34: 60 ( 61 72 ) ( 74 56 82 53 45 ) 
35: 85 ( 21 3 48 ) 
36: 49 32 31 ( 75 21 ) 41 ( 68 73 28 ) 
37: ( 99 54 9 7 43 97 85 ) 2 13 
38: ( 24 81 65 ) ( 35 7 83 93 45 ) 62 ( 58 49 72 ) 
39: 95 ( 18 59 68 26 15 ) 1 
40: 80 71 10 
41: ( 27 72 ) 41 ( 64 61 58 87 39 93 ) 95 
42: ( 30 6 ) ( 21 43 ) 1 ( 15 42 5 ) 
43: 87 ( 56 91 ) ( 21 93 96 51 52 ) 
44: ( 16 68 61 86 ) 25 ( 64 22 40 60 19 ) 
45: 43 79 22 58 38 85 86 
46: 7 62 ( 17 75 12 63 73 ) 40 
47: 25 ( 75 73 79 ) 11 ( 21 15 51 ) 
48: 15 75 91 96 79 3 
49: ( 89 59 35 12 96 ) 17 32 77 
50: ( 89 8 69 95 ) 45 60 18 ( 27 21 97 ) 46 
51: 89 ( 90 52 33 28 ) 
52: ( 77 26 8 ) ( 80 42 ) 
53: ( 50 56 79 22 45 ) 60 83 ( 76 54 57 ) 
54: ( 43 74 54 100 53 45 ) 
55: ( 29 96 91 40 87 15 33 ) 
56: 60 59 ( 98 41 57 75 15 52 ) 
57: ( 30 23 38 53 80 4 33 ) 
58: ( 50 65 10 48 ) 11 ( 31 83 ) 77 44 95 9 
59: 74 44 28 63 ( 98 24 59 22 46 93 ) 
60: ( 89 7 55 66 98 68 15 ) 41 
61: ( 59 1 13 52 97 70 4 ) 
62: 26 40 70 14 94 36 
63: 2 ( 6 31 32 14 27 81 ) 3 87 
64: ( 79 100 43 56 14 85 81 58 60 ) 
65: ( 95 37 13 4 ) 
66: ( 99 25 ) 7 ( 92 6 73 87 ) 
67: ( 17 71 91 87 ) 
68: 76 4 ( 30 40 84 ) 
69: 36 ( 77 65 41 92 16 31 32 ) 
70: ( 75 79 62 ) 31 ( 54 32 42 97 12 ) 98 
71: 5 90 ( 25 96 41 92 71 80 39 ) 
72: 13 ( 80 9 42 ) ( 49 91 ) 30 
73: ( 30 89 65 50 25 3 69 ) 79 
74: ( 21 94 40 26 ) 29 
75: ( 29 8 73 4 ) 
76: ( 76 57 22 ) 6 ( 50 79 25 93 52 16 60 ) 
77: 2 99 ( 21 35 91 85 40 ) 5 52 
78: ( 50 30 95 94 41 62 63 ) 
79: ( 3 55 88 94 66 ) 
80: ( 21 98 1 23 42 70 ) 
81: 34 ( 70 73 14 ) 20 ( 30 100 ) 
82: 53 ( 70 18 88 ) ( 12 7 ) ( 30 32 ) 50 
83: 94 ( 75 79 ) 56 ( 98 97 82 91 63 ) 
84: ( 84 45 ) 72 11 33 
85: 29 ( 98 74 39 86 ) 
86: 44 34 ( 70 89 ) 67 87 20 4 37 97 92 
87: 38 19 ( 92 29 56 15 48 ) 
88: ( 64 23 75 85 ) 
89: 48 56 27 24 76 
90: 40 ( 64 71 30 38 51 ) 18 
91: 72 20 ( 36 34 77 ) 
92: 19 93 ( 76 6 98 58 85 80 87 ) ( 77 35 ) 
93: ( 6 23 ) ( 56 4 52 ) ( 27 89 59 ) 73 ( 74 97 ) 
94: ( 21 13 5 ) 30 48 86 26 
95: ( 41 62 83 73 15 ) 1 
96: 83 ( 93 45 ) 42 55 ( 26 28 ) 
97: ( 92 98 14 26 ) ( 16 91 7 40 ) ( 43 3 11 ) 
98: ( 24 67 ) 26 ( 64 3 44 69 ) 
99: ( 18 74 9 35 78 10 19 51 ) 
100: ( 31 100 57 19 ) 28 ( 90 5 ) ( 41 60 ) 

1: ( 42 25 95 3 2 61 80 39 ) 
2: ( 77 13 ) 26 11 ( 37 63 ) 
3: 35 12 ( 79 48 98 73 26 97 4 20 63 ) 
4: 15 ( 65 68 61 75 ) 57 93 86 ( 30 9 ) 
5: ( 25 100 94 ) 13 ( 42 77 ) 71 26 
6: ( 42 18 63 ) ( 66 76 2 92 93 ) 
7: 17 ( 10 97 46 13 37 60 ) ( 66 38 82 1 ) 
8: 24 ( 52 75 50 ) 
9: ( 8 29 58 72 ) ( 17 99 ) 37 
10: 99 14 58 ( 32 40 29 ) 
11: 15 ( 32 97 9 14 84 47 ) ( 18 58 ) 
12: 82 ( 22 32 30 ) 70 49 46 
13: 72 ( 8 29 37 61 4 7 ) 94 65 
14: ( 97 64 62 81 63 15 ) 
15: 56 28 ( 42 48 87 ) 39 ( 47 55 ) 60 95 31 
16: 97 ( 44 69 24 ) ( 32 5 76 ) 
17: ( 46 67 ) ( 17 49 ) 
18: 82 99 1 ( 23 50 90 39 ) 
19: ( 100 16 22 5 87 ) 11 ( 99 44 92 ) 
20: 91 12 7 ( 86 10 ) 23 81 
21: 50 ( 17 36 47 74 ) ( 77 94 35 42 12 43 80 ) 
22: 15 ( 59 53 ) 45 ( 44 26 76 33 ) 
23: 57 ( 88 93 ) 80 3 
24: ( 89 31 59 38 ) 26 98 
25: 47 44 ( 76 24 25 30 73 71 66 ) 
26: 74 97 ( 62 98 39 ) ( 11 94 52 96 25 31 14 ) 
27: 20 89 19 93 63 ( 8 3 41 1 50 ) 
28: 100 ( 59 33 36 ) 10 96 51 
29: 74 ( 28 75 55 85 87 ) 
30: 73 ( 72 68 57 ) ( 78 81 82 ) ( 31 90 94 ) 42 28 
31: 100 70 ( 69 58 36 63 ) 
32: 70 ( 26 16 49 13 ) ( 82 63 ) ( 17 69 36 18 ) 
33: ( 10 23 25 84 55 17 57 2 51 ) 
34: ( 86 81 6 ) 9 91 
35: ( 7 99 92 ) 77 49 ( 25 26 38 ) 
36: 69 ( 91 1 28 62 15 ) 
37: ( 86 5 ) 32 ( 65 28 ) 16 
38: 87 4 57 ( 90 45 30 ) 
39: 71 22 ( 41 85 18 ) 
40: ( 44 68 16 90 74 ) ( 9 12 46 ) 97 ( 62 77 55 ) 
41: 41 95 ( 71 56 ) 60 ( 100 78 ) 69 ( 27 36 ) 
42: ( 70 52 42 72 96 80 ) 
43: ( 97 64 42 54 ) ( 31 37 45 ) 
44: 13 ( 59 86 29 58 98 19 ) 
45: ( 38 34 96 84 54 53 50 ) 
46: ( 59 22 50 6 ) 
47: 11 
48: ( 89 26 9 87 ) ( 35 94 58 ) 
49: ( 31 38 36 72 27 ) 14 
50: ( 78 82 58 76 30 53 73 31 32 ) 
51: 4 90 ( 43 47 ) 32 ( 99 19 ) 
52: 30 51 ( 43 56 ) ( 77 23 76 93 ) ( 61 15 ) 
53: ( 16 34 82 54 15 ) 28 57 
54: 54 26 ( 23 15 70 ) ( 37 53 ) 
55: 79 60 96 
56: 87 ( 89 32 ) ( 34 64 ) ( 43 14 28 53 93 ) 83 
57: ( 56 76 53 ) ( 100 30 16 ) 
58: ( 3 64 45 20 18 ) 2 31 41 38 92 
59: ( 56 5 ) 39 49 ( 21 61 ) 59 93 25 
60: 64 24 23 76 ( 100 56 34 53 ) 44 50 
61: 17 ( 44 41 34 ) 
62: ( 6 29 ) ( 38 70 25 95 33 ) 46 ( 78 9 ) 
63: 78 46 ( 8 83 ) ( 59 18 ) 
64: 44 2 ( 98 88 ) 90 ( 41 11 28 33 ) 
65: ( 38 58 ) 6 73 69 33 
66: ( 3 79 60 ) 
67: 98 ( 86 11 12 ) 
68: ( 10 44 36 ) ( 26 60 ) 39 
69: ( 2 13 27 7 33 ) ( 50 98 6 73 ) 
70: 80 ( 82 62 81 61 ) 86 
71: ( 11 71 67 90 4 40 20 15 ) 
72: ( 38 84 ) ( 41 91 34 27 ) 
73: ( 66 10 81 95 75 18 ) 36 47 ( 93 46 ) 
74: 2 ( 59 99 34 85 54 93 ) 
75: ( 83 48 56 17 16 46 70 4 88 ) 32 ( 47 5 36 ) 
76: ( 31 92 53 ) 68 ( 89 76 ) 
77: ( 69 91 49 92 58 52 ) 
78: ( 4 99 5 ) 
79: 47 70 ( 45 53 ) 26 64 ( 76 83 48 73 ) 
80: 19 ( 72 13 52 30 71 57 92 40 ) 
81: ( 38 26 64 63 ) 
82: ( 83 5 34 ) 
83: ( 58 96 95 27 ) ( 10 38 22 53 ) 19 
84: 68 84 ( 6 29 ) 
85: 64 ( 77 35 1 88 45 ) 92 37 17 
86: ( 22 44 ) ( 45 94 ) 85 
87: 27 ( 55 86 66 43 41 67 92 63 ) 
88: ( 79 9 82 7 20 ) 
89: 60 ( 86 51 93 ) 50 49 ( 14 73 ) 
90: 5 ( 51 19 ) ( 71 3 4 ) ( 100 1 ) 
91: 43 ( 48 97 ) 55 77 ( 21 67 28 6 ) 72 83 
92: ( 71 23 97 87 ) 13 ( 86 66 69 ) 
93: ( 76 92 ) 96 ( 59 43 38 41 ) 
94: 62 ( 78 79 83 74 ) 12 
95: 39 58 ( 31 65 41 78 50 ) 
96: 21 ( 43 71 ) ( 10 49 48 14 55 ) 
97: ( 37 50 70 ) 86 93 83 61 10 
98: 83 ( 60 92 ) ( 28 85 97 ) ( 59 56 70 80 ) 
99: 77 ( 66 23 9 37 ) 
100: 1 ( 100 11 64 81 54 18 ) 
