1: ( 89 54 10 ) 18 8 69 ( 12 17 45 ) 
2: 33 ( 31 74 12 83 ) 
3: ( 27 20 94 ) 49 
4: 62 
5: 11 ( 71 69 75 96 ) 
6: 9 ( 58 13 100 ) 
7: 49 60 ( 36 18 82 19 ) 
8: 36 98 ( 59 53 15 ) 
9: ( 67 14 27 20 ) 
10: ( 27 12 3 ) ( 64 54 31 ) 
11: ( 77 74 30 20 72 ) ( 89 58 93 39 10 ) 
12: 19 ( 17 43 ) 65 91 38 ( 27 68 ) 
13: ( 6 56 58 39 48 52 ) 19 
14: 40 57 98 33 
15: 76 63 ( 70 91 ) ( 98 38 ) 
16: 3 32 ( 99 23 81 27 ) 37 
17: ( 85 65 ) 66 ( 56 63 67 ) 
18: ( 55 65 25 ) ( 34 3 ) 12 
19: 76 46 ( 93 1 96 ) 38 65 ( 85 71 ) 
20: 40 76 ( 75 57 ) 46 
21: 88 ( 80 67 86 ) ( 94 78 42 ) 
22: ( 29 79 95 94 13 ) 
23: ( 41 43 56 42 34 12 ) 
24: 19 ( 64 23 34 70 73 ) 
25: 19 32 24 1 ( 84 29 8 ) 
26: ( 76 54 14 40 83 78 ) 
27: 99 ( 1 22 ) ( 65 83 40 ) 
28: 68 50 ( 75 67 49 ) 55 
29: ( 89 83 28 96 ) 5 11 19 ( 21 45 ) 
30: ( 36 65 1 20 73 ) 
31: ( 17 42 ) 
32: ( 38 9 14 ) ( 17 85 39 73 ) ( 36 86 ) 
33: 24 93 
34: ( 17 54 44 82 39 28 ) 
35: ( 88 29 8 ) ( 12 37 ) 
36: ( 76 27 81 53 87 ) ( 40 5 ) 
37: 84 ( 95 76 64 ) 63 14 
38: 59 ( 65 15 8 ) 
39: 56 94 53 31 11 
40: ( 27 79 ) 69 84 ( 94 73 ) 
41: 92 ( 74 52 ) ( 18 98 50 85 7 ) 
42: 84 ( 3 68 67 97 15 45 ) 
43: ( 100 11 82 69 51 ) 
44: ( 41 82 75 70 26 ) 
45: ( 23 48 ) ( 62 34 95 53 63 ) 
46: ( 50 90 8 93 72 46 40 ) 
47: 55 ( 6 9 20 93 45 ) 29 
48: ( 24 67 27 80 48 33 ) 
49: ( 76 24 98 18 3 22 ) 
50: ( 25 19 96 ) 
51: 86 61 ( 17 44 ) 72 ( 29 97 52 ) 83 13 55 
52: ( 38 68 ) 93 27 
53: 97 ( 52 28 21 98 3 75 33 ) 
54: ( 16 68 4 72 ) 
55: ( 98 85 ) 
56: ( 7 61 ) 57 85 ( 91 62 4 28 ) 
57: 59 ( 70 95 55 53 96 ) 
58: 10 ( 98 53 ) 
59: ( 30 29 48 ) 23 ( 96 22 ) 
60: ( 17 77 67 ) 
61: ( 3 88 60 87 73 ) 70 
62: 66 33 ( 36 84 91 ) 81 93 54 
63: 80 ( 43 65 63 ) ( 76 47 55 95 97 42 51 ) 46 
64: 35 ( 21 44 7 83 40 ) 
65: ( 88 1 33 ) 81 30 45 ( 61 34 80 ) 
66: ( 29 23 100 85 58 ) ( 34 43 97 ) 59 
67: 51 78 39 81 20 
68: ( 27 99 63 ) ( 61 15 ) ( 64 39 ) 
69: ( 21 11 22 70 83 ) 
70: ( 18 31 55 10 96 ) 53 
71: ( 67 25 53 45 ) 
72: 44 ( 67 32 78 ) 97 4 68 
73: 99 3 ( 51 52 23 ) ( 16 55 25 84 ) 39 81 
74: ( 41 53 ) 26 45 
75: ( 46 42 ) 73 58 ( 12 47 63 72 ) 
76: 58 ( 55 12 82 ) ( 67 83 15 45 ) 
77: 2 ( 26 14 22 ) 24 19 
78: 37 18 78 60 ( 10 90 ) 
79: ( 98 61 13 86 ) 30 94 ( 27 39 52 ) 
80: 15 35 56 65 ( 27 6 71 ) 
81: 19 ( 12 6 89 ) 
82: 28 ( 32 27 12 70 ) ( 92 6 22 ) 
83: ( 61 45 ) 
84: ( 25 33 ) ( 24 47 13 37 87 ) 
85: ( 92 25 67 ) ( 58 63 87 45 ) 
86: 4 54 
87: 78 ( 25 100 ) 24 
88: 82 ( 34 67 100 ) 76 9 
89: 91 79 ( 59 62 12 47 72 ) 
90: 71 35 ( 82 96 ) 5 6 
91: ( 79 57 70 12 39 45 ) 71 80 25 
92: ( 23 47 70 2 ) ( 80 11 ) 
93: ( 18 1 93 43 71 57 14 87 ) 
94: 16 2 61 65 67 
95: ( 75 45 ) ( 93 82 ) 
96: 5 ( 64 90 80 40 ) 
97: ( 17 31 46 13 ) 16 
98: ( 3 90 ) 10 
99: 81 36 32 ( 16 29 69 14 63 ) 
100: 73 ( 24 40 52 ) ( 3 22 57 86 72 ) 

1: ( 65 25 27 30 19 93 ) 
2: 77 92 94 
3: 73 42 ( 100 10 49 98 53 18 16 61 ) 
4: 86 54 ( 72 56 ) 
5: ( 29 36 96 90 ) 
6: ( 82 13 81 90 47 80 ) 
7: ( 56 64 ) 41 
8: 1 25 ( 38 35 46 ) 
9: 6 32 88 47 
10: ( 78 11 1 70 58 98 ) 
11: ( 43 69 92 29 5 ) 39 
12: ( 89 35 23 82 76 18 91 2 75 ) ( 10 81 1 ) 
13: ( 97 51 79 ) 6 22 84 
14: 77 ( 32 26 99 9 37 93 ) 
15: 80 ( 8 38 68 76 42 ) 
16: 94 99 73 54 97 
17: 97 31 12 34 ( 32 1 60 51 ) 
18: ( 49 70 ) ( 41 78 1 7 93 ) 
19: 24 ( 77 29 13 7 81 12 ) 25 50 
20: 9 ( 3 11 67 47 30 ) 
21: 53 ( 69 29 64 ) 
22: ( 77 100 27 ) ( 59 69 82 ) 49 
23: ( 59 16 92 45 73 ) 66 24 
24: ( 77 84 ) 33 100 ( 49 25 48 87 ) 
25: ( 84 73 18 ) ( 50 85 91 ) ( 71 87 ) 
26: 44 ( 77 74 ) 
27: 10 16 9 ( 79 82 40 80 ) 68 ( 3 36 52 48 12 ) 
28: ( 56 82 ) ( 34 53 ) 29 
29: 47 ( 59 66 35 ) ( 22 99 ) 25 51 
30: 59 79 ( 65 11 ) 
31: 70 ( 10 39 ) 2 97 
32: ( 25 16 ) 99 ( 72 82 ) 
33: 53 ( 65 2 14 62 48 84 ) 
34: 45 ( 88 24 18 ) ( 66 65 23 ) 
35: 64 ( 90 80 ) 
36: ( 8 32 99 62 7 30 ) 
37: 35 ( 78 84 16 ) 
38: 15 19 ( 52 32 12 ) 
39: ( 79 11 34 13 73 68 32 91 67 ) 
40: ( 96 27 20 ) 26 ( 100 64 46 14 ) 36 
41: 44 ( 23 74 ) 
42: 63 ( 31 21 75 ) 23 
43: 12 66 ( 23 63 93 ) 
44: 72 51 ( 34 64 ) 
45: ( 71 65 42 83 95 ) ( 1 29 76 47 91 85 74 ) 
46: 97 19 ( 46 75 20 63 ) 
47: 92 ( 89 63 ) 75 84 
48: 48 45 ( 59 13 ) 
49: ( 28 3 7 ) 
50: ( 28 41 46 ) 
51: ( 73 63 67 ) 43 
52: ( 100 79 13 53 73 41 51 ) 
53: 57 ( 8 71 74 45 ) ( 70 58 36 39 ) 
54: ( 86 26 10 34 1 62 ) 
55: 18 73 47 ( 57 76 70 28 51 63 ) 
56: ( 23 39 ) ( 13 17 80 ) 
57: ( 100 56 91 14 20 93 ) 
58: ( 75 6 76 ) 13 ( 85 11 ) 66 
59: ( 8 66 89 38 57 ) 
60: ( 78 7 61 ) 
61: 83 51 94 56 65 79 68 
62: 4 45 89 56 
63: ( 75 99 68 ) ( 17 37 85 45 63 15 ) 
64: 37 96 24 68 10 
65: ( 30 12 ) 17 80 38 94 ( 27 63 19 18 ) 
66: 17 62 
67: ( 71 76 42 72 60 ) ( 94 9 ) 21 28 88 48 ( 17 85 ) 
68: ( 42 52 28 72 54 12 ) 
69: 99 40 43 5 1 
70: 24 92 ( 44 82 61 15 ) ( 57 69 91 ) 
71: ( 91 90 80 5 19 93 ) 
72: ( 89 100 11 75 54 51 ) 46 
73: 30 ( 100 32 24 75 61 40 ) 
74: 41 ( 11 2 ) 
75: 95 53 ( 28 44 ) 5 20 
76: ( 36 49 37 26 20 88 63 15 19 ) 
77: ( 11 60 ) 
78: 67 ( 72 21 87 ) ( 26 78 ) 
79: 40 ( 89 22 91 ) 
80: ( 65 96 48 21 91 92 63 ) 
81: ( 62 73 ) 99 67 16 ( 65 36 ) 
82: ( 44 90 ) ( 43 34 76 95 7 88 ) 
83: ( 26 2 64 76 ) 51 ( 27 69 29 ) 
84: ( 37 42 25 62 40 73 ) 
85: ( 66 32 17 55 19 ) 41 56 
86: 32 100 ( 21 79 51 ) 
87: 36 ( 84 85 61 93 ) 
88: ( 65 21 35 61 ) 
89: ( 11 29 ) ( 81 1 ) 
90: 98 78 46 96 
91: ( 89 56 62 15 12 ) 
92: ( 41 85 82 ) 
93: 93 33 ( 47 95 ) ( 11 46 19 ) 62 52 
94: 79 ( 3 21 22 40 39 ) 
95: ( 57 37 22 45 63 ) 
96: ( 59 5 ) ( 57 70 29 90 50 19 ) 
97: ( 42 53 ) 72 51 ( 66 63 ) 
98: ( 41 49 55 15 53 ) ( 8 79 58 14 ) 
99: 16 ( 27 73 ) 68 
100: ( 43 66 88 6 87 ) 
